ID	lgth	out	in	long_cov	short1_cov	short1_Ocov	short2_cov	short2_Ocov	long_nb	short1_nb	short2_nb
1	6431	0	0	0.000000	50.828332	46.752449	0.000000	0.000000	0	835	0
2	6358	0	0	0.000000	57.289085	53.926707	0.000000	0.000000	0	931	0
3	4205	0	0	0.000000	57.695838	56.021641	0.000000	0.000000	0	599	0
4	37310	0	0	0.000000	55.194425	52.501957	0.000000	0.000000	0	5073	0
5	18001	1	0	0.000000	62.606966	60.301650	0.000000	0.000000	0	2722	0
6	1265	2	1	0.000000	548.869565	431.220553	0.000000	0.000000	0	2030	0
7	42	1	1	0.000000	305.404762	299.642857	0.000000	0.000000	0	199	0
8	499	2	2	0.000000	495.386774	362.849699	0.000000	0.000000	0	786	0
9	110187	1	0	0.000000	58.069037	55.247352	0.000000	0.000000	0	15872	0
10	6626	0	0	0.000000	52.718533	50.690462	0.000000	0.000000	0	838	0
11	12998	1	1	0.000000	55.656947	54.009078	0.000000	0.000000	0	1765	0
12	3376	1	1	0.000000	60.643957	56.786434	0.000000	0.000000	0	523	0
13	14212	1	0	0.000000	55.548691	53.177104	0.000000	0.000000	0	1961	0
14	6994	1	1	0.000000	56.020303	53.434801	0.000000	0.000000	0	972	0
15	1889	2	1	0.000000	77.517205	68.475913	0.000000	0.000000	0	395	0
16	17019	1	1	0.000000	56.154416	53.781480	0.000000	0.000000	0	2419	0
17	39820	0	1	0.000000	53.930789	50.879307	0.000000	0.000000	0	5364	0
18	7590	1	1	0.000000	50.239394	46.944796	0.000000	0.000000	0	992	0
19	20504	0	1	0.000000	56.017021	53.764583	0.000000	0.000000	0	2770	0
20	9544	0	0	0.000000	48.693944	46.820620	0.000000	0.000000	0	1179	0
21	41457	0	0	0.000000	55.095400	52.301083	0.000000	0.000000	0	5637	0
22	34550	0	0	0.000000	54.268857	51.878234	0.000000	0.000000	0	4578	0
23	3421	0	0	0.000000	46.468284	43.957615	0.000000	0.000000	0	419	0
24	16500	0	0	0.000000	52.597333	50.437030	0.000000	0.000000	0	2184	0
25	65547	0	1	0.000000	55.240789	52.634308	0.000000	0.000000	0	8735	0
26	21450	1	0	0.000000	53.509650	50.935478	0.000000	0.000000	0	2841	0
27	49952	1	1	0.000000	68.819527	66.515855	0.000000	0.000000	0	8354	0
28	30860	1	1	0.000000	54.416980	52.292839	0.000000	0.000000	0	4183	0
29	12221	0	0	0.000000	58.212258	56.442681	0.000000	0.000000	0	1727	0
30	8578	0	0	0.000000	48.508044	45.953136	0.000000	0.000000	0	1076	0
31	16751	1	0	0.000000	56.339622	54.254910	0.000000	0.000000	0	2325	0
32	31502	1	1	0.000000	61.218780	57.783855	0.000000	0.000000	0	4741	0
33	5907	0	1	0.000000	62.901134	58.572880	0.000000	0.000000	0	912	0
34	34581	0	1	0.000000	57.236141	54.780313	0.000000	0.000000	0	4785	0
35	10658	0	0	0.000000	58.202477	54.971383	0.000000	0.000000	0	1487	0
36	22154	0	0	0.000000	52.605173	49.896723	0.000000	0.000000	0	2836	0
37	29839	1	1	0.000000	73.578505	70.039412	0.000000	0.000000	0	5409	0
38	43548	0	1	0.000000	55.595688	52.842978	0.000000	0.000000	0	5928	0
39	10247	0	0	0.000000	54.678442	52.745584	0.000000	0.000000	0	1395	0
40	49905	1	1	0.000000	54.977397	52.087687	0.000000	0.000000	0	6924	0
41	1232	1	1	0.000000	81.407468	77.336039	0.000000	0.000000	0	316	0
42	5981	0	0	0.000000	54.098646	51.009029	0.000000	0.000000	0	843	0
43	17895	1	0	0.000000	49.620564	47.714837	0.000000	0.000000	0	2219	0
44	22017	0	1	0.000000	55.865786	53.647091	0.000000	0.000000	0	2982	0
45	107	1	1	0.000000	138.663551	136.775701	0.000000	0.000000	0	117	0
46	294	2	2	0.000000	269.704082	199.051020	0.000000	0.000000	0	298	0
47	35809	1	0	0.000000	52.940741	51.341506	0.000000	0.000000	0	4661	0
48	26894	0	0	0.000000	54.259426	51.818510	0.000000	0.000000	0	3567	0
49	32732	0	1	0.000000	60.105982	57.548668	0.000000	0.000000	0	4695	0
50	9497	0	0	0.000000	51.142361	49.050648	0.000000	0.000000	0	1203	0
51	30045	0	0	0.000000	53.964120	52.215710	0.000000	0.000000	0	3916	0
52	1	1	1	0.000000	1057.000000	1057.000000	0.000000	0.000000	0	207	0
53	8241	0	0	0.000000	52.370707	50.041864	0.000000	0.000000	0	1081	0
54	48	2	2	0.000000	186.583333	97.520833	0.000000	0.000000	0	88	0
55	1	1	4	0.000000	438.000000	380.000000	0.000000	0.000000	0	194	0
56	1	1	3	0.000000	584.000000	584.000000	0.000000	0.000000	0	266	0
57	2	1	3	0.000000	2115.500000	1981.500000	0.000000	0.000000	0	1053	0
58	3	5	2	0.000000	2355.333333	2060.666667	0.000000	0.000000	0	1124	0
59	1	1	1	0.000000	446.000000	446.000000	0.000000	0.000000	0	188	0
60	3	2	2	0.000000	455.333333	254.666667	0.000000	0.000000	0	223	0
61	3	2	1	0.000000	255.666667	255.000000	0.000000	0.000000	0	102	0
62	12747	1	1	0.000000	51.989409	48.276771	0.000000	0.000000	0	1644	0
63	33992	0	0	0.000000	56.950341	54.242498	0.000000	0.000000	0	4693	0
64	6580	1	1	0.000000	51.956535	51.173252	0.000000	0.000000	0	813	0
65	28333	1	0	0.000000	61.732679	59.488582	0.000000	0.000000	0	4330	0
66	40150	1	0	0.000000	54.110934	51.760872	0.000000	0.000000	0	5269	0
67	9265	0	0	0.000000	56.221802	53.794603	0.000000	0.000000	0	1296	0
68	13230	1	0	0.000000	51.424187	48.509221	0.000000	0.000000	0	1705	0
69	9368	0	0	0.000000	48.553907	47.462532	0.000000	0.000000	0	1110	0
70	16334	1	0	0.000000	52.477042	49.196461	0.000000	0.000000	0	2212	0
71	27671	1	0	0.000000	58.877597	56.907737	0.000000	0.000000	0	3888	0
72	13534	0	0	0.000000	57.261785	54.413920	0.000000	0.000000	0	1913	0
73	19693	0	1	0.000000	57.985122	55.249886	0.000000	0.000000	0	2775	0
74	441	1	1	0.000000	57.063492	56.197279	0.000000	0.000000	0	101	0
75	236	1	1	0.000000	72.211864	70.542373	0.000000	0.000000	0	110	0
76	1739	0	0	0.000000	46.021852	45.375503	0.000000	0.000000	0	237	0
77	9544	0	1	0.000000	46.471396	43.543902	0.000000	0.000000	0	1117	0
78	2647	0	1	0.000000	66.559879	62.698904	0.000000	0.000000	0	468	0
79	33339	0	0	0.000000	51.826420	49.542518	0.000000	0.000000	0	4184	0
80	31566	0	0	0.000000	54.240068	52.411614	0.000000	0.000000	0	4098	0
81	4689	0	0	0.000000	50.025165	47.288974	0.000000	0.000000	0	590	0
82	29420	0	1	0.000000	53.673419	50.509347	0.000000	0.000000	0	3798	0
83	382	1	1	0.000000	108.876963	103.557592	0.000000	0.000000	0	162	0
84	1117	2	2	0.000000	476.565801	363.486124	0.000000	0.000000	0	1548	0
85	16877	1	1	0.000000	52.460271	50.295076	0.000000	0.000000	0	2217	0
86	8631	0	1	0.000000	61.376666	56.918434	0.000000	0.000000	0	1315	0
87	9867	1	0	0.000000	55.803790	53.137225	0.000000	0.000000	0	1382	0
88	27636	1	0	0.000000	48.678354	45.844370	0.000000	0.000000	0	3405	0
89	5832	0	0	0.000000	60.197359	57.509088	0.000000	0.000000	0	856	0
90	10030	0	0	0.000000	57.698305	53.051346	0.000000	0.000000	0	1442	0
91	4210	1	1	0.000000	64.997387	62.089786	0.000000	0.000000	0	691	0
92	1186	0	1	0.000000	57.923272	57.035413	0.000000	0.000000	0	187	0
93	7533	0	0	0.000000	53.324970	50.708748	0.000000	0.000000	0	1032	0
94	10185	0	1	0.000000	51.184487	47.867943	0.000000	0.000000	0	1289	0
95	25640	0	0	0.000000	54.932722	52.084438	0.000000	0.000000	0	3448	0
96	45	1	2	0.000000	118.222222	116.977778	0.000000	0.000000	0	76	0
97	239	2	2	0.000000	226.451883	138.527197	0.000000	0.000000	0	217	0
98	21757	0	1	0.000000	53.764398	51.271912	0.000000	0.000000	0	2844	0
99	4822	1	0	0.000000	57.724388	54.063874	0.000000	0.000000	0	711	0
100	11289	0	0	0.000000	56.037204	52.704757	0.000000	0.000000	0	1600	0
101	13112	0	0	0.000000	52.430827	49.554988	0.000000	0.000000	0	1728	0
102	226	2	2	0.000000	224.035398	140.168142	0.000000	0.000000	0	234	0
103	40	1	1	0.000000	163.825000	135.750000	0.000000	0.000000	0	105	0
104	7929	0	0	0.000000	55.502207	53.198890	0.000000	0.000000	0	1096	0
105	6810	0	0	0.000000	45.903818	44.141263	0.000000	0.000000	0	809	0
106	23727	1	0	0.000000	50.981329	49.248957	0.000000	0.000000	0	2976	0
107	13599	0	0	0.000000	45.981543	43.021987	0.000000	0.000000	0	1612	0
108	12718	0	0	0.000000	54.787938	52.362950	0.000000	0.000000	0	1695	0
109	25270	0	1	0.000000	63.312545	61.393312	0.000000	0.000000	0	3797	0
110	7669	1	1	0.000000	55.918894	52.478420	0.000000	0.000000	0	1100	0
111	36908	1	0	0.000000	58.044299	55.031700	0.000000	0.000000	0	5353	0
112	15627	1	0	0.000000	56.115377	53.493313	0.000000	0.000000	0	2169	0
113	5697	0	0	0.000000	57.909250	56.712305	0.000000	0.000000	0	797	0
114	32682	0	0	0.000000	54.172052	52.086408	0.000000	0.000000	0	4316	0
115	7420	0	0	0.000000	53.135849	51.635984	0.000000	0.000000	0	993	0
116	3827	1	1	0.000000	64.978835	63.370003	0.000000	0.000000	0	623	0
117	13068	1	0	0.000000	51.974212	49.672942	0.000000	0.000000	0	1712	0
118	20032	1	1	0.000000	58.436552	55.566993	0.000000	0.000000	0	2923	0
119	245	2	2	0.000000	741.571429	591.126531	0.000000	0.000000	0	775	0
120	15462	0	0	0.000000	57.550123	55.413918	0.000000	0.000000	0	2111	0
121	3092	1	1	0.000000	74.748706	71.342173	0.000000	0.000000	0	612	0
122	9584	0	1	0.000000	47.495096	45.607992	0.000000	0.000000	0	1143	0
123	6924	0	1	0.000000	56.333622	53.423744	0.000000	0.000000	0	954	0
124	439	1	1	0.000000	72.457859	70.961276	0.000000	0.000000	0	106	0
125	17188	1	1	0.000000	61.111473	58.506982	0.000000	0.000000	0	2584	0
126	9	1	2	0.000000	100.888889	100.666667	0.000000	0.000000	0	41	0
127	1	2	3	0.000000	175.000000	137.000000	0.000000	0.000000	0	74	0
128	64	3	1	0.000000	134.750000	72.109375	0.000000	0.000000	0	66	0
129	17607	0	0	0.000000	54.562276	51.588289	0.000000	0.000000	0	2321	0
130	85556	0	0	0.000000	56.220113	53.877718	0.000000	0.000000	0	11649	0
131	14853	1	0	0.000000	55.440315	53.173635	0.000000	0.000000	0	2009	0
132	16281	0	0	0.000000	58.381365	55.699097	0.000000	0.000000	0	2240	0
133	5467	0	0	0.000000	50.951527	47.505762	0.000000	0.000000	0	688	0
134	3515	1	0	0.000000	50.124040	45.151920	0.000000	0.000000	0	505	0
135	1	1	2	0.000000	232.000000	230.000000	0.000000	0.000000	0	120	0
136	1	2	3	0.000000	2081.000000	2027.000000	0.000000	0.000000	0	913	0
137	1	2	1	0.000000	1975.000000	1935.000000	0.000000	0.000000	0	872	0
138	4	4	1	0.000000	1947.500000	1696.250000	0.000000	0.000000	0	905	0
139	71	1	2	0.000000	72.169014	70.591549	0.000000	0.000000	0	95	0
140	23123	0	0	0.000000	56.720451	54.836829	0.000000	0.000000	0	3202	0
141	4830	0	0	0.000000	43.274948	41.658592	0.000000	0.000000	0	543	0
142	7938	1	0	0.000000	50.574578	48.246032	0.000000	0.000000	0	1014	0
143	23270	1	0	0.000000	55.248990	52.465879	0.000000	0.000000	0	3093	0
144	9987	1	0	0.000000	61.580354	59.795534	0.000000	0.000000	0	1572	0
145	28149	0	0	0.000000	55.565668	52.844755	0.000000	0.000000	0	3816	0
146	18919	0	1	0.000000	64.298536	60.159258	0.000000	0.000000	0	3003	0
147	8772	1	1	0.000000	47.543662	45.735522	0.000000	0.000000	0	1007	0
148	4430	0	0	0.000000	56.341535	54.903386	0.000000	0.000000	0	629	0
149	19	0	1	0.000000	118.631579	116.631579	0.000000	0.000000	0	97	0
150	1040	1	2	0.000000	193.182692	180.687500	0.000000	0.000000	0	557	0
151	8449	0	0	0.000000	56.686945	54.753344	0.000000	0.000000	0	1180	0
152	10813	0	1	0.000000	49.888560	47.039212	0.000000	0.000000	0	1318	0
153	15440	1	0	0.000000	51.581541	48.813212	0.000000	0.000000	0	1954	0
154	4486	0	0	0.000000	55.897905	53.037004	0.000000	0.000000	0	662	0
155	2765	1	0	0.000000	48.563834	47.293309	0.000000	0.000000	0	367	0
156	19626	0	0	0.000000	55.573321	53.650769	0.000000	0.000000	0	2573	0
157	22339	1	0	0.000000	55.099020	52.764672	0.000000	0.000000	0	3129	0
158	4419	0	0	0.000000	41.925775	40.042770	0.000000	0.000000	0	450	0
159	39815	0	0	0.000000	59.808941	57.344945	0.000000	0.000000	0	5799	0
160	11543	1	1	0.000000	52.926016	50.669410	0.000000	0.000000	0	1550	0
161	17208	0	0	0.000000	57.553115	54.430730	0.000000	0.000000	0	2382	0
162	22762	0	0	0.000000	58.384764	56.109613	0.000000	0.000000	0	3199	0
163	7295	0	0	0.000000	48.126388	44.508293	0.000000	0.000000	0	875	0
164	41310	0	0	0.000000	53.993634	52.064730	0.000000	0.000000	0	5392	0
165	3943	0	0	0.000000	55.206442	51.861273	0.000000	0.000000	0	555	0
166	5735	1	0	0.000000	42.312990	40.059111	0.000000	0.000000	0	596	0
167	7297	1	1	0.000000	46.576812	42.285323	0.000000	0.000000	0	922	0
168	10722	0	0	0.000000	49.452061	47.677859	0.000000	0.000000	0	1256	0
169	6798	1	0	0.000000	53.689615	50.650927	0.000000	0.000000	0	896	0
170	23241	0	1	0.000000	56.442451	53.261262	0.000000	0.000000	0	3377	0
171	20398	0	1	0.000000	54.538533	52.108344	0.000000	0.000000	0	2739	0
172	23511	0	0	0.000000	58.313300	55.145719	0.000000	0.000000	0	3246	0
173	2340	1	1	0.000000	45.667949	44.402991	0.000000	0.000000	0	297	0
174	274	1	1	0.000000	129.777372	74.569343	0.000000	0.000000	0	145	0
175	910	2	2	0.000000	122.609890	94.957143	0.000000	0.000000	0	425	0
176	874	1	2	0.000000	168.504577	123.575515	0.000000	0.000000	0	422	0
177	37292	1	1	0.000000	55.183069	52.413815	0.000000	0.000000	0	5079	0
178	14312	1	1	0.000000	55.749581	52.800797	0.000000	0.000000	0	1955	0
179	19257	0	1	0.000000	56.918523	54.752142	0.000000	0.000000	0	2683	0
180	2664	1	0	0.000000	58.500000	55.968844	0.000000	0.000000	0	385	0
181	16198	0	0	0.000000	53.135819	51.279849	0.000000	0.000000	0	2189	0
182	10	0	0	0.000000	98.300000	97.600000	0.000000	0.000000	0	37	0
183	11261	1	1	0.000000	47.617441	44.349081	0.000000	0.000000	0	1365	0
184	6816	1	0	0.000000	63.407277	61.569689	0.000000	0.000000	0	1109	0
185	3	2	2	0.000000	162.333333	161.666667	0.000000	0.000000	0	104	0
186	6	2	1	0.000000	121.666667	120.833333	0.000000	0.000000	0	72	0
187	1232	0	0	0.000000	40.508929	39.711039	0.000000	0.000000	0	129	0
188	24751	1	0	0.000000	54.901378	53.377520	0.000000	0.000000	0	3269	0
189	4040	1	1	0.000000	56.527723	52.461881	0.000000	0.000000	0	627	0
190	10122	1	1	0.000000	50.416420	49.171014	0.000000	0.000000	0	1298	0
191	10260	0	1	0.000000	52.510624	50.419591	0.000000	0.000000	0	1283	0
192	19904	1	0	0.000000	53.909717	51.680064	0.000000	0.000000	0	2601	0
193	6235	1	1	0.000000	50.826143	48.047795	0.000000	0.000000	0	828	0
194	46833	1	0	0.000000	56.742767	54.375569	0.000000	0.000000	0	6348	0
195	13	0	0	0.000000	114.000000	113.230769	0.000000	0.000000	0	49	0
196	16697	0	0	0.000000	50.601605	48.060969	0.000000	0.000000	0	2052	0
197	6033	0	0	0.000000	54.887784	51.960385	0.000000	0.000000	0	779	0
198	4	2	1	0.000000	111.750000	111.750000	0.000000	0.000000	0	45	0
199	50	1	1	0.000000	45.380000	45.020000	0.000000	0.000000	0	19	0
200	10015	1	0	0.000000	59.361857	56.417574	0.000000	0.000000	0	1428	0
201	8245	0	0	0.000000	59.223893	57.281383	0.000000	0.000000	0	1249	0
202	7946	0	0	0.000000	61.767556	58.744903	0.000000	0.000000	0	1248	0
203	302	2	2	0.000000	151.463576	96.125828	0.000000	0.000000	0	214	0
204	27	1	1	0.000000	156.074074	151.592593	0.000000	0.000000	0	100	0
205	69	2	2	0.000000	175.217391	72.014493	0.000000	0.000000	0	96	0
206	30	2	1	0.000000	116.633333	66.533333	0.000000	0.000000	0	54	0
207	10	1	1	0.000000	43.500000	42.800000	0.000000	0.000000	0	22	0
208	8378	0	0	0.000000	57.806398	54.714968	0.000000	0.000000	0	1166	0
209	10822	0	0	0.000000	52.798096	49.972186	0.000000	0.000000	0	1370	0
210	1209	2	2	0.000000	529.044665	414.496278	0.000000	0.000000	0	1859	0
211	9779	1	0	0.000000	52.086512	50.548522	0.000000	0.000000	0	1193	0
212	6015	0	0	0.000000	50.925021	49.611970	0.000000	0.000000	0	733	0
213	8405	1	0	0.000000	52.703510	49.581321	0.000000	0.000000	0	1108	0
214	5597	1	0	0.000000	50.115419	48.058960	0.000000	0.000000	0	699	0
215	6950	1	0	0.000000	58.552950	56.587194	0.000000	0.000000	0	951	0
216	9830	0	0	0.000000	55.216480	53.766836	0.000000	0.000000	0	1361	0
217	17	0	0	0.000000	103.647059	103.058824	0.000000	0.000000	0	55	0
218	2250	0	1	0.000000	47.779556	45.651556	0.000000	0.000000	0	303	0
219	1247	0	1	0.000000	44.360866	43.246993	0.000000	0.000000	0	166	0
220	4219	0	1	0.000000	60.083432	54.679071	0.000000	0.000000	0	649	0
221	3606	0	1	0.000000	64.268164	62.169163	0.000000	0.000000	0	585	0
222	6629	0	1	0.000000	52.779001	50.049329	0.000000	0.000000	0	871	0
223	13092	0	0	0.000000	45.229682	43.762298	0.000000	0.000000	0	1405	0
224	15523	1	0	0.000000	55.210269	52.590092	0.000000	0.000000	0	2092	0
225	8	2	0	0.000000	123.625000	122.625000	0.000000	0.000000	0	72	0
226	4711	0	1	0.000000	59.040968	56.052430	0.000000	0.000000	0	709	0
227	9324	1	1	0.000000	57.841055	55.903689	0.000000	0.000000	0	1415	0
228	6	2	2	0.000000	272.166667	181.000000	0.000000	0.000000	0	137	0
229	10567	0	0	0.000000	54.142992	51.921737	0.000000	0.000000	0	1411	0
230	472	0	0	0.000000	51.699153	45.118644	0.000000	0.000000	0	57	0
231	4245	0	0	0.000000	48.009894	46.234865	0.000000	0.000000	0	496	0
232	6527	0	0	0.000000	55.185690	51.107706	0.000000	0.000000	0	873	0
233	45744	1	1	0.000000	57.718061	55.315517	0.000000	0.000000	0	6552	0
234	8703	1	0	0.000000	55.244973	53.746984	0.000000	0.000000	0	1259	0
235	1037	2	2	0.000000	125.805207	109.610415	0.000000	0.000000	0	419	0
236	271	1	1	0.000000	59.110701	58.690037	0.000000	0.000000	0	67	0
237	27619	1	1	0.000000	55.130092	52.308447	0.000000	0.000000	0	3611	0
238	1256	0	0	0.000000	41.040605	38.328822	0.000000	0.000000	0	145	0
239	32539	0	1	0.000000	53.908110	51.291250	0.000000	0.000000	0	4320	0
240	33001	0	1	0.000000	52.353959	50.012091	0.000000	0.000000	0	4223	0
241	8	2	2	0.000000	360.750000	258.125000	0.000000	0.000000	0	168	0
242	11	2	1	0.000000	133.636364	133.181818	0.000000	0.000000	0	65	0
243	74	1	1	0.000000	78.310811	77.932432	0.000000	0.000000	0	54	0
244	57	1	2	0.000000	330.736842	222.842105	0.000000	0.000000	0	158	0
245	80	2	2	0.000000	431.112500	242.962500	0.000000	0.000000	0	306	0
246	36542	1	1	0.000000	57.352663	55.419791	0.000000	0.000000	0	5131	0
247	6755	0	0	0.000000	61.124056	57.743301	0.000000	0.000000	0	1020	0
248	14182	1	0	0.000000	54.701664	51.901777	0.000000	0.000000	0	1904	0
249	421	1	1	0.000000	100.969121	90.133017	0.000000	0.000000	0	172	0
250	26	2	2	0.000000	168.000000	137.653846	0.000000	0.000000	0	98	0
251	83	2	2	0.000000	153.867470	64.084337	0.000000	0.000000	0	100	0
252	3427	0	1	0.000000	46.517946	44.058652	0.000000	0.000000	0	401	0
253	501	2	2	0.000000	86.459082	75.429142	0.000000	0.000000	0	138	0
254	293	1	1	0.000000	19.590444	19.484642	0.000000	0.000000	0	45	0
255	16333	0	0	0.000000	59.081553	56.741444	0.000000	0.000000	0	2378	0
256	57	2	0	0.000000	164.350877	162.578947	0.000000	0.000000	0	122	0
257	11	0	1	0.000000	92.545455	92.000000	0.000000	0.000000	0	42	0
258	12093	0	0	0.000000	46.890929	45.938808	0.000000	0.000000	0	1389	0
259	13831	0	2	0.000000	56.737257	55.101150	0.000000	0.000000	0	1944	0
260	10666	0	0	0.000000	53.768986	51.243390	0.000000	0.000000	0	1385	0
261	16298	1	0	0.000000	51.149712	48.367837	0.000000	0.000000	0	2117	0
262	15586	0	0	0.000000	56.497498	53.926729	0.000000	0.000000	0	2113	0
263	11185	1	0	0.000000	58.323111	55.778096	0.000000	0.000000	0	1562	0
264	778	1	1	0.000000	72.448586	70.029563	0.000000	0.000000	0	252	0
265	1	1	2	0.000000	93.000000	92.000000	0.000000	0.000000	0	39	0
266	1314	3	2	0.000000	205.923135	183.824201	0.000000	0.000000	0	723	0
267	947	0	0	0.000000	47.587117	46.114044	0.000000	0.000000	0	112	0
268	1	1	2	0.000000	163.000000	162.000000	0.000000	0.000000	0	68	0
269	1	1	2	0.000000	1168.000000	1164.000000	0.000000	0.000000	0	626	0
270	1	1	4	0.000000	1461.000000	1397.000000	0.000000	0.000000	0	762	0
271	3	2	1	0.000000	134.000000	132.000000	0.000000	0.000000	0	73	0
272	32	1	1	0.000000	61.781250	61.562500	0.000000	0.000000	0	53	0
273	1	1	3	0.000000	401.000000	400.000000	0.000000	0.000000	0	139	0
274	8	2	2	0.000000	401.875000	392.250000	0.000000	0.000000	0	174	0
275	80	1	1	0.000000	270.287500	184.962500	0.000000	0.000000	0	168	0
276	3	2	1	0.000000	225.666667	217.666667	0.000000	0.000000	0	101	0
277	62	2	1	0.000000	143.790323	134.548387	0.000000	0.000000	0	89	0
278	77	1	1	0.000000	84.155844	83.168831	0.000000	0.000000	0	51	0
279	2092	1	0	0.000000	51.945029	49.852294	0.000000	0.000000	0	288	0
280	3980	0	1	0.000000	52.130653	50.192714	0.000000	0.000000	0	494	0
281	9212	0	0	0.000000	48.967542	46.075445	0.000000	0.000000	0	1164	0
282	4360	1	1	0.000000	68.112615	59.850688	0.000000	0.000000	0	781	0
283	47	1	1	0.000000	416.042553	243.574468	0.000000	0.000000	0	252	0
284	55	2	2	0.000000	560.036364	307.636364	0.000000	0.000000	0	332	0
285	7975	1	1	0.000000	67.704577	65.821567	0.000000	0.000000	0	1390	0
286	64670	0	1	0.000000	53.635519	51.208536	0.000000	0.000000	0	8477	0
287	4728	0	1	0.000000	59.989636	58.594755	0.000000	0.000000	0	715	0
288	77	1	1	0.000000	614.168831	379.090909	0.000000	0.000000	0	396	0
289	6	2	2	0.000000	676.500000	670.833333	0.000000	0.000000	0	293	0
290	85	1	1	0.000000	590.235294	576.623529	0.000000	0.000000	0	383	0
291	22	2	2	0.000000	654.500000	387.954545	0.000000	0.000000	0	327	0
292	103	4	1	0.000000	590.524272	479.466019	0.000000	0.000000	0	451	0
293	12120	0	0	0.000000	54.141997	50.803465	0.000000	0.000000	0	1632	0
294	11640	1	1	0.000000	55.612285	54.195619	0.000000	0.000000	0	1520	0
295	8040	1	0	0.000000	55.568532	53.596517	0.000000	0.000000	0	1140	0
296	676	3	2	0.000000	501.723373	411.434911	0.000000	0.000000	0	1104	0
297	22438	0	0	0.000000	51.764908	49.537481	0.000000	0.000000	0	2860	0
298	18349	1	1	0.000000	54.392065	52.702654	0.000000	0.000000	0	2358	0
299	2	0	0	0.000000	122.000000	78.500000	0.000000	0.000000	0	43	0
300	2086	0	1	0.000000	43.954938	42.574305	0.000000	0.000000	0	221	0
301	121	2	2	0.000000	30.198347	29.933884	0.000000	0.000000	0	49	0
302	1	2	1	0.000000	59.000000	59.000000	0.000000	0.000000	0	23	0
303	62	0	1	0.000000	27.403226	27.387097	0.000000	0.000000	0	15	0
304	371	1	4	0.000000	769.016173	604.614555	0.000000	0.000000	0	1128	0
305	123	2	2	0.000000	837.520325	386.853659	0.000000	0.000000	0	625	0
306	30	1	1	0.000000	757.733333	422.166667	0.000000	0.000000	0	416	0
307	282	0	0	0.000000	31.099291	27.921986	0.000000	0.000000	0	39	0
308	10114	1	1	0.000000	54.330038	52.663338	0.000000	0.000000	0	1316	0
309	2336	1	1	0.000000	54.280822	53.436644	0.000000	0.000000	0	384	0
310	5	2	3	0.000000	197.800000	197.000000	0.000000	0.000000	0	117	0
311	2	2	1	0.000000	140.000000	138.000000	0.000000	0.000000	0	77	0
312	31	1	1	0.000000	125.580645	123.419355	0.000000	0.000000	0	142	0
313	2	2	2	0.000000	171.000000	169.000000	0.000000	0.000000	0	82	0
314	5	2	2	0.000000	162.000000	105.200000	0.000000	0.000000	0	105	0
315	1225	2	3	0.000000	504.889796	436.841633	0.000000	0.000000	0	1719	0
316	14786	1	2	0.000000	55.235561	52.747261	0.000000	0.000000	0	2117	0
317	11	1	1	0.000000	61.000000	61.000000	0.000000	0.000000	0	76	0
318	2	2	2	0.000000	147.000000	146.500000	0.000000	0.000000	0	104	0
319	16	2	1	0.000000	97.062500	96.062500	0.000000	0.000000	0	79	0
320	1	1	1	0.000000	55.000000	54.000000	0.000000	0.000000	0	38	0
321	35	1	1	0.000000	58.314286	58.314286	0.000000	0.000000	0	24	0
322	44	1	1	0.000000	58.340909	58.340909	0.000000	0.000000	0	29	0
323	2	4	1	0.000000	1103.000000	926.000000	0.000000	0.000000	0	586	0
324	2	2	1	0.000000	199.000000	197.000000	0.000000	0.000000	0	90	0
325	2496	0	1	0.000000	50.042067	46.797276	0.000000	0.000000	0	318	0
326	13335	0	0	0.000000	53.088039	50.838020	0.000000	0.000000	0	1725	0
327	8856	1	1	0.000000	76.576445	73.422313	0.000000	0.000000	0	1686	0
328	6	1	2	0.000000	326.000000	321.833333	0.000000	0.000000	0	172	0
329	488	2	2	0.000000	545.243852	436.290984	0.000000	0.000000	0	909	0
330	10123	0	1	0.000000	55.236195	53.667391	0.000000	0.000000	0	1383	0
331	2648	0	0	0.000000	51.746979	50.115181	0.000000	0.000000	0	365	0
332	67	1	1	0.000000	471.761194	276.074627	0.000000	0.000000	0	312	0
333	4089	0	0	0.000000	55.721203	51.806310	0.000000	0.000000	0	577	0
334	18677	0	0	0.000000	54.629705	51.924078	0.000000	0.000000	0	2455	0
335	4	2	1	0.000000	148.000000	148.000000	0.000000	0.000000	0	102	0
336	9	0	3	0.000000	134.333333	134.333333	0.000000	0.000000	0	144	0
337	239	1	1	0.000000	216.866109	138.179916	0.000000	0.000000	0	278	0
338	6	1	2	0.000000	113.166667	113.166667	0.000000	0.000000	0	51	0
339	31	1	2	0.000000	169.483871	166.032258	0.000000	0.000000	0	69	0
340	43	2	2	0.000000	206.302326	119.372093	0.000000	0.000000	0	97	0
341	71	1	1	0.000000	157.802817	150.098592	0.000000	0.000000	0	100	0
342	3967	0	0	0.000000	47.239476	46.015881	0.000000	0.000000	0	477	0
343	8391	0	0	0.000000	60.740079	58.663091	0.000000	0.000000	0	1240	0
344	571	2	2	0.000000	200.243433	143.213660	0.000000	0.000000	0	356	0
345	4365	1	0	0.000000	57.471019	55.268729	0.000000	0.000000	0	649	0
346	3	1	3	0.000000	448.333333	446.333333	0.000000	0.000000	0	215	0
347	2	2	2	0.000000	552.000000	550.000000	0.000000	0.000000	0	253	0
348	1	3	1	0.000000	353.000000	351.000000	0.000000	0.000000	0	158	0
349	3	1	2	0.000000	685.000000	683.666667	0.000000	0.000000	0	319	0
350	2	3	2	0.000000	880.000000	879.000000	0.000000	0.000000	0	393	0
351	1	1	1	0.000000	748.000000	748.000000	0.000000	0.000000	0	344	0
352	1	1	4	0.000000	1071.000000	1071.000000	0.000000	0.000000	0	503	0
353	2	5	1	0.000000	869.000000	556.000000	0.000000	0.000000	0	421	0
354	2	0	1	0.000000	153.000000	153.000000	0.000000	0.000000	0	83	0
355	1	2	5	0.000000	1893.000000	1056.000000	0.000000	0.000000	0	979	0
356	2	2	1	0.000000	767.500000	481.000000	0.000000	0.000000	0	415	0
357	6	2	1	0.000000	597.500000	386.666667	0.000000	0.000000	0	412	0
358	3	2	1	0.000000	303.666667	219.666667	0.000000	0.000000	0	189	0
359	7790	0	1	0.000000	60.935430	58.726829	0.000000	0.000000	0	1146	0
360	4883	0	0	0.000000	52.919926	50.293262	0.000000	0.000000	0	647	0
361	5193	1	0	0.000000	59.516272	56.575583	0.000000	0.000000	0	777	0
362	3195	0	0	0.000000	44.598748	41.147731	0.000000	0.000000	0	395	0
363	5745	0	1	0.000000	55.632028	53.770583	0.000000	0.000000	0	864	0
364	4333	0	1	0.000000	56.411955	52.239557	0.000000	0.000000	0	680	0
365	2789	0	1	0.000000	63.850484	62.640731	0.000000	0.000000	0	441	0
366	11289	0	1	0.000000	52.825317	50.615289	0.000000	0.000000	0	1560	0
367	192	0	0	0.000000	27.718750	27.557292	0.000000	0.000000	0	40	0
368	7100	0	1	0.000000	56.221408	54.746620	0.000000	0.000000	0	969	0
369	2	1	2	0.000000	120.000000	118.000000	0.000000	0.000000	0	54	0
370	312	1	1	0.000000	31.721154	27.439103	0.000000	0.000000	0	104	0
371	10	2	2	0.000000	169.300000	125.900000	0.000000	0.000000	0	80	0
372	199	2	1	0.000000	215.547739	126.492462	0.000000	0.000000	0	223	0
373	3	2	1	0.000000	391.000000	391.000000	0.000000	0.000000	0	159	0
374	2	2	1	0.000000	102.000000	102.000000	0.000000	0.000000	0	38	0
375	4	1	1	0.000000	385.250000	305.750000	0.000000	0.000000	0	192	0
376	4293	0	0	0.000000	57.095271	53.378523	0.000000	0.000000	0	605	0
377	2451	1	1	0.000000	57.452876	56.662995	0.000000	0.000000	0	356	0
378	7620	1	1	0.000000	59.209711	55.778215	0.000000	0.000000	0	1207	0
379	55	2	1	0.000000	283.400000	255.618182	0.000000	0.000000	0	110	0
380	11	1	1	0.000000	138.909091	138.909091	0.000000	0.000000	0	73	0
381	1	1	2	0.000000	391.000000	388.000000	0.000000	0.000000	0	195	0
382	1	1	2	0.000000	473.000000	469.000000	0.000000	0.000000	0	237	0
383	6	2	2	0.000000	527.333333	510.000000	0.000000	0.000000	0	248	0
384	13	1	1	0.000000	68.461538	68.461538	0.000000	0.000000	0	33	0
385	4	1	2	0.000000	320.750000	166.000000	0.000000	0.000000	0	149	0
386	2	2	1	0.000000	461.000000	308.500000	0.000000	0.000000	0	130	0
387	32	1	1	0.000000	150.343750	96.593750	0.000000	0.000000	0	84	0
388	17	1	2	0.000000	224.882353	144.764706	0.000000	0.000000	0	86	0
389	6678	1	0	0.000000	55.269692	51.038185	0.000000	0.000000	0	879	0
390	13021	1	0	0.000000	50.536902	47.652561	0.000000	0.000000	0	1647	0
391	4044	0	0	0.000000	49.987389	48.629575	0.000000	0.000000	0	507	0
392	16304	0	0	0.000000	58.041156	54.608256	0.000000	0.000000	0	2352	0
393	1	1	2	0.000000	88.000000	88.000000	0.000000	0.000000	0	42	0
394	1	1	2	0.000000	139.000000	138.000000	0.000000	0.000000	0	73	0
395	8806	0	0	0.000000	51.457983	48.779809	0.000000	0.000000	0	1098	0
396	16200	0	0	0.000000	49.186667	46.729506	0.000000	0.000000	0	2010	0
397	8253	0	1	0.000000	56.516055	54.138495	0.000000	0.000000	0	1079	0
398	2699	0	0	0.000000	40.994072	38.608003	0.000000	0.000000	0	281	0
399	4033	0	1	0.000000	49.120258	47.704438	0.000000	0.000000	0	527	0
400	25	2	1	0.000000	53.160000	51.760000	0.000000	0.000000	0	35	0
401	1173	1	1	0.000000	66.560955	64.392157	0.000000	0.000000	0	244	0
402	204	1	2	0.000000	90.852941	80.995098	0.000000	0.000000	0	129	0
403	9	1	2	0.000000	347.777778	318.333333	0.000000	0.000000	0	164	0
404	83	2	2	0.000000	457.542169	406.481928	0.000000	0.000000	0	326	0
405	45	2	1	0.000000	111.244444	64.511111	0.000000	0.000000	0	67	0
406	28	2	1	0.000000	62.535714	59.785714	0.000000	0.000000	0	50	0
407	9	1	1	0.000000	53.000000	53.000000	0.000000	0.000000	0	25	0
408	57	2	2	0.000000	223.771930	174.596491	0.000000	0.000000	0	125	0
409	24304	1	1	0.000000	51.988850	49.274934	0.000000	0.000000	0	3117	0
410	3	1	1	0.000000	63.666667	62.000000	0.000000	0.000000	0	30	0
411	44	0	2	0.000000	118.636364	49.704545	0.000000	0.000000	0	86	0
412	1	1	3	0.000000	290.000000	290.000000	0.000000	0.000000	0	172	0
413	21835	1	0	0.000000	51.980490	49.552095	0.000000	0.000000	0	2887	0
414	1388	1	0	0.000000	43.916427	38.415706	0.000000	0.000000	0	188	0
415	10966	0	0	0.000000	58.439358	56.805763	0.000000	0.000000	0	1591	0
416	11342	0	1	0.000000	52.604303	50.480515	0.000000	0.000000	0	1449	0
417	1	1	0	0.000000	119.000000	119.000000	0.000000	0.000000	0	46	0
418	2	0	1	0.000000	111.500000	111.500000	0.000000	0.000000	0	50	0
419	1	1	2	0.000000	100.000000	100.000000	0.000000	0.000000	0	48	0
420	1	1	3	0.000000	213.000000	213.000000	0.000000	0.000000	0	103	0
421	1650	1	0	0.000000	40.782424	38.371515	0.000000	0.000000	0	163	0
422	20928	0	0	0.000000	52.897267	50.443091	0.000000	0.000000	0	2660	0
423	7650	0	2	0.000000	56.111503	51.312810	0.000000	0.000000	0	1188	0
424	1536	0	0	0.000000	57.130859	54.554036	0.000000	0.000000	0	207	0
425	8587	1	0	0.000000	61.275183	59.221032	0.000000	0.000000	0	1284	0
426	65	2	2	0.000000	183.200000	104.923077	0.000000	0.000000	0	169	0
427	37	1	1	0.000000	117.135135	77.324324	0.000000	0.000000	0	90	0
428	14	2	2	0.000000	222.000000	167.000000	0.000000	0.000000	0	132	0
429	109	1	1	0.000000	85.330275	60.825688	0.000000	0.000000	0	91	0
430	6942	0	0	0.000000	48.847162	45.791703	0.000000	0.000000	0	793	0
431	4854	1	0	0.000000	50.920272	47.470128	0.000000	0.000000	0	622	0
432	1610	1	1	0.000000	54.706211	53.923602	0.000000	0.000000	0	254	0
433	4016	0	0	0.000000	55.526892	53.585159	0.000000	0.000000	0	552	0
434	1	1	2	0.000000	133.000000	133.000000	0.000000	0.000000	0	73	0
435	2	2	3	0.000000	280.000000	278.000000	0.000000	0.000000	0	158	0
436	1	1	3	0.000000	210.000000	210.000000	0.000000	0.000000	0	115	0
437	7	2	2	0.000000	225.142857	224.285714	0.000000	0.000000	0	149	0
438	3898	0	1	0.000000	48.130580	45.301180	0.000000	0.000000	0	483	0
439	1976	0	1	0.000000	44.486336	43.229251	0.000000	0.000000	0	264	0
440	6261	0	1	0.000000	59.973327	57.459192	0.000000	0.000000	0	909	0
441	180	0	0	0.000000	46.783333	46.544444	0.000000	0.000000	0	39	0
442	1	1	3	0.000000	373.000000	212.000000	0.000000	0.000000	0	190	0
443	1	1	6	0.000000	963.000000	311.000000	0.000000	0.000000	0	534	0
444	1	4	5	0.000000	1546.000000	435.000000	0.000000	0.000000	0	827	0
445	22098	0	0	0.000000	56.252240	53.184723	0.000000	0.000000	0	2984	0
446	216	1	1	0.000000	616.972222	466.837963	0.000000	0.000000	0	607	0
447	172	1	2	0.000000	589.465116	465.726744	0.000000	0.000000	0	468	0
448	5	2	2	0.000000	653.000000	644.400000	0.000000	0.000000	0	286	0
449	7	2	1	0.000000	564.285714	557.142857	0.000000	0.000000	0	256	0
450	12	3	1	0.000000	473.666667	311.916667	0.000000	0.000000	0	222	0
451	980	0	0	0.000000	54.618367	52.336735	0.000000	0.000000	0	122	0
452	64	1	1	0.000000	673.343750	533.000000	0.000000	0.000000	0	423	0
453	182	2	2	0.000000	657.890110	500.928571	0.000000	0.000000	0	618	0
454	8	1	1	0.000000	200.250000	200.250000	0.000000	0.000000	0	41	0
455	2	1	2	0.000000	133.000000	132.500000	0.000000	0.000000	0	68	0
456	5	2	0	0.000000	104.800000	104.400000	0.000000	0.000000	0	48	0
457	8	1	1	0.000000	62.000000	62.000000	0.000000	0.000000	0	30	0
458	3	1	2	0.000000	145.333333	145.333333	0.000000	0.000000	0	72	0
459	2460	0	1	0.000000	53.471545	50.762195	0.000000	0.000000	0	335	0
460	62	1	1	0.000000	124.967742	122.370968	0.000000	0.000000	0	69	0
461	1	1	2	0.000000	159.000000	155.000000	0.000000	0.000000	0	82	0
462	33515	0	0	0.000000	53.847173	51.022378	0.000000	0.000000	0	4439	0
463	1516	0	0	0.000000	40.455805	38.240765	0.000000	0.000000	0	154	0
464	3338	0	0	0.000000	50.197723	46.711204	0.000000	0.000000	0	454	0
465	5015	0	1	0.000000	57.157926	54.260818	0.000000	0.000000	0	765	0
466	10508	1	0	0.000000	58.691283	55.814237	0.000000	0.000000	0	1531	0
467	3	2	2	0.000000	147.666667	144.666667	0.000000	0.000000	0	83	0
468	1126	1	1	0.000000	45.723801	44.231794	0.000000	0.000000	0	185	0
469	38	1	1	0.000000	147.289474	147.052632	0.000000	0.000000	0	89	0
470	6693	0	0	0.000000	59.334678	57.138354	0.000000	0.000000	0	985	0
471	41	0	0	0.000000	107.121951	71.195122	0.000000	0.000000	0	55	0
472	3	2	2	0.000000	180.000000	117.000000	0.000000	0.000000	0	74	0
473	5298	1	1	0.000000	52.584371	50.448660	0.000000	0.000000	0	693	0
474	5871	0	1	0.000000	52.196730	48.942599	0.000000	0.000000	0	762	0
475	3	3	1	0.000000	435.000000	430.000000	0.000000	0.000000	0	223	0
476	1	2	1	0.000000	248.000000	246.000000	0.000000	0.000000	0	130	0
477	1	2	1	0.000000	207.000000	205.000000	0.000000	0.000000	0	106	0
478	4	2	1	0.000000	155.250000	152.750000	0.000000	0.000000	0	73	0
479	9289	1	1	0.000000	59.146948	56.352245	0.000000	0.000000	0	1367	0
480	2819	0	0	0.000000	49.761618	48.030153	0.000000	0.000000	0	372	0
481	162	0	0	0.000000	25.302469	22.425926	0.000000	0.000000	0	8	0
482	90	2	1	0.000000	160.033333	119.311111	0.000000	0.000000	0	122	0
483	35	1	2	0.000000	230.885714	230.485714	0.000000	0.000000	0	134	0
484	1202	2	2	0.000000	101.318636	88.369384	0.000000	0.000000	0	296	0
485	2839	0	0	0.000000	64.309616	61.705178	0.000000	0.000000	0	457	0
486	2126	0	1	0.000000	47.461430	44.801976	0.000000	0.000000	0	284	0
487	5585	1	1	0.000000	54.218800	52.240107	0.000000	0.000000	0	820	0
488	48	2	2	0.000000	328.187500	257.000000	0.000000	0.000000	0	192	0
489	439	1	1	0.000000	72.555809	70.633257	0.000000	0.000000	0	118	0
490	8	2	2	0.000000	112.250000	110.750000	0.000000	0.000000	0	73	0
491	214	1	1	0.000000	72.116822	54.799065	0.000000	0.000000	0	63	0
492	1231	0	1	0.000000	51.735987	51.151097	0.000000	0.000000	0	170	0
493	11	1	1	0.000000	144.272727	139.818182	0.000000	0.000000	0	77	0
494	384	2	2	0.000000	182.312500	126.028646	0.000000	0.000000	0	158	0
495	11255	0	1	0.000000	49.552466	47.289205	0.000000	0.000000	0	1395	0
496	1	2	1	0.000000	130.000000	129.000000	0.000000	0.000000	0	73	0
497	1	2	1	0.000000	122.000000	122.000000	0.000000	0.000000	0	67	0
498	22703	1	0	0.000000	60.940140	57.840594	0.000000	0.000000	0	3325	0
499	12	2	1	0.000000	223.333333	217.916667	0.000000	0.000000	0	124	0
500	23	2	1	0.000000	143.565217	140.347826	0.000000	0.000000	0	86	0
501	47	1	1	0.000000	78.042553	76.978723	0.000000	0.000000	0	59	0
502	8656	0	0	0.000000	58.972274	55.635628	0.000000	0.000000	0	1224	0
503	20	2	2	0.000000	194.900000	190.450000	0.000000	0.000000	0	66	0
504	7	1	1	0.000000	147.000000	146.000000	0.000000	0.000000	0	54	0
505	15	1	1	0.000000	142.666667	142.600000	0.000000	0.000000	0	88	0
506	1	2	1	0.000000	204.000000	202.000000	0.000000	0.000000	0	84	0
507	51	0	0	0.000000	120.372549	118.882353	0.000000	0.000000	0	48	0
508	1	1	1	0.000000	63.000000	63.000000	0.000000	0.000000	0	29	0
509	28060	0	1	0.000000	56.460870	54.087598	0.000000	0.000000	0	3921	0
510	3343	0	0	0.000000	52.871672	49.878253	0.000000	0.000000	0	427	0
511	1	2	1	0.000000	97.000000	97.000000	0.000000	0.000000	0	68	0
512	3	1	1	0.000000	53.333333	53.333333	0.000000	0.000000	0	33	0
513	5	2	2	0.000000	97.600000	97.600000	0.000000	0.000000	0	70	0
514	898	0	1	0.000000	43.668151	42.454343	0.000000	0.000000	0	103	0
515	2	2	1	0.000000	139.000000	134.000000	0.000000	0.000000	0	75	0
516	3189	0	1	0.000000	59.131703	57.536845	0.000000	0.000000	0	483	0
517	3	1	3	0.000000	341.666667	340.666667	0.000000	0.000000	0	159	0
518	98	1	1	0.000000	82.969388	68.846939	0.000000	0.000000	0	54	0
519	6571	0	0	0.000000	57.763963	55.221732	0.000000	0.000000	0	927	0
520	6	2	1	0.000000	233.666667	114.333333	0.000000	0.000000	0	48	0
521	2	1	2	0.000000	570.500000	570.500000	0.000000	0.000000	0	284	0
522	1	0	1	0.000000	93.000000	93.000000	0.000000	0.000000	0	36	0
523	2	1	0	0.000000	113.500000	113.500000	0.000000	0.000000	0	73	0
524	1	4	1	0.000000	565.000000	559.000000	0.000000	0.000000	0	283	0
525	2503	1	0	0.000000	66.519776	64.521774	0.000000	0.000000	0	415	0
526	7024	1	0	0.000000	48.088838	46.847808	0.000000	0.000000	0	832	0
527	223	0	1	0.000000	47.201794	44.878924	0.000000	0.000000	0	52	0
528	75	1	1	0.000000	73.613333	70.853333	0.000000	0.000000	0	68	0
529	2	1	3	0.000000	282.500000	282.500000	0.000000	0.000000	0	158	0
530	45	3	2	0.000000	475.244444	322.822222	0.000000	0.000000	0	269	0
531	14	2	1	0.000000	224.857143	83.000000	0.000000	0.000000	0	134	0
532	16	1	1	0.000000	161.062500	40.937500	0.000000	0.000000	0	79	0
533	6	1	1	0.000000	258.166667	257.000000	0.000000	0.000000	0	136	0
534	1	2	1	0.000000	131.000000	131.000000	0.000000	0.000000	0	59	0
535	57	1	1	0.000000	84.614035	53.596491	0.000000	0.000000	0	78	0
536	230	2	2	0.000000	91.065217	83.178261	0.000000	0.000000	0	96	0
537	1842	1	1	0.000000	50.650923	49.509229	0.000000	0.000000	0	298	0
538	30	1	1	0.000000	31.300000	31.300000	0.000000	0.000000	0	16	0
539	4	2	2	0.000000	146.750000	146.750000	0.000000	0.000000	0	46	0
540	1	1	1	0.000000	78.000000	78.000000	0.000000	0.000000	0	31	0
541	3	2	1	0.000000	132.333333	111.666667	0.000000	0.000000	0	64	0
542	303	1	1	0.000000	63.448845	53.861386	0.000000	0.000000	0	75	0
543	3266	0	0	0.000000	47.733925	46.021739	0.000000	0.000000	0	377	0
544	16964	0	0	0.000000	54.407333	52.635404	0.000000	0.000000	0	2228	0
545	77	2	2	0.000000	179.545455	52.662338	0.000000	0.000000	0	162	0
546	38	1	1	0.000000	71.421053	63.578947	0.000000	0.000000	0	55	0
547	115	1	2	0.000000	204.391304	150.408696	0.000000	0.000000	0	184	0
548	3675	0	0	0.000000	49.168435	46.626122	0.000000	0.000000	0	464	0
549	1791	1	0	0.000000	54.295366	48.675600	0.000000	0.000000	0	283	0
550	1133	0	0	0.000000	36.593116	34.345102	0.000000	0.000000	0	113	0
551	38	1	1	0.000000	128.368421	78.947368	0.000000	0.000000	0	51	0
552	1	2	1	0.000000	147.000000	138.000000	0.000000	0.000000	0	71	0
553	2041	0	1	0.000000	61.028417	54.599216	0.000000	0.000000	0	310	0
554	42	1	2	0.000000	206.285714	116.190476	0.000000	0.000000	0	113	0
555	10	2	2	0.000000	280.700000	245.000000	0.000000	0.000000	0	146	0
556	3187	0	0	0.000000	50.213681	47.341073	0.000000	0.000000	0	385	0
557	2147	0	0	0.000000	53.080112	50.697252	0.000000	0.000000	0	232	0
558	1809	0	0	0.000000	44.831951	41.985627	0.000000	0.000000	0	212	0
559	120	1	1	0.000000	31.475000	31.216667	0.000000	0.000000	0	24	0
560	1	1	0	0.000000	61.000000	60.000000	0.000000	0.000000	0	24	0
561	6498	1	0	0.000000	44.939674	43.440289	0.000000	0.000000	0	741	0
562	214	2	1	0.000000	52.154206	50.672897	0.000000	0.000000	0	91	0
563	1	1	2	0.000000	406.000000	400.000000	0.000000	0.000000	0	182	0
564	3	2	1	0.000000	230.666667	227.666667	0.000000	0.000000	0	123	0
565	1	2	1	0.000000	129.000000	126.000000	0.000000	0.000000	0	66	0
566	37	1	1	0.000000	64.486486	63.594595	0.000000	0.000000	0	42	0
567	3	1	2	0.000000	145.666667	144.666667	0.000000	0.000000	0	70	0
568	2792	1	0	0.000000	50.827364	49.563754	0.000000	0.000000	0	377	0
569	3	1	2	0.000000	108.333333	107.333333	0.000000	0.000000	0	58	0
570	625	3	1	0.000000	356.883200	317.916800	0.000000	0.000000	0	639	0
571	1	1	3	0.000000	204.000000	204.000000	0.000000	0.000000	0	95	0
572	1	1	2	0.000000	260.000000	260.000000	0.000000	0.000000	0	116	0
573	1808	0	1	0.000000	49.335177	46.147124	0.000000	0.000000	0	233	0
574	2003	1	0	0.000000	54.514229	51.937094	0.000000	0.000000	0	286	0
575	20	2	2	0.000000	127.300000	126.500000	0.000000	0.000000	0	75	0
576	1	1	1	0.000000	67.000000	67.000000	0.000000	0.000000	0	37	0
577	11	1	2	0.000000	123.636364	123.636364	0.000000	0.000000	0	57	0
578	20081	0	1	0.000000	55.713859	53.757781	0.000000	0.000000	0	2702	0
579	2	0	1	0.000000	119.000000	114.000000	0.000000	0.000000	0	69	0
580	22	2	1	0.000000	131.500000	129.181818	0.000000	0.000000	0	51	0
581	6	1	1	0.000000	90.500000	90.500000	0.000000	0.000000	0	34	0
582	2	1	2	0.000000	150.000000	150.000000	0.000000	0.000000	0	51	0
583	9	1	1	0.000000	140.111111	41.888889	0.000000	0.000000	0	54	0
584	101	2	2	0.000000	109.891089	55.643564	0.000000	0.000000	0	59	0
585	12	1	1	0.000000	69.916667	50.416667	0.000000	0.000000	0	31	0
586	76	1	1	0.000000	52.157895	50.092105	0.000000	0.000000	0	29	0
587	38	1	1	0.000000	44.921053	44.921053	0.000000	0.000000	0	32	0
588	1	2	2	0.000000	163.000000	160.000000	0.000000	0.000000	0	73	0
589	1	1	1	0.000000	44.000000	44.000000	0.000000	0.000000	0	27	0
590	9	0	3	0.000000	119.333333	119.333333	0.000000	0.000000	0	73	0
591	951	1	0	0.000000	47.284963	46.148265	0.000000	0.000000	0	135	0
592	3	1	0	0.000000	76.333333	76.000000	0.000000	0.000000	0	56	0
593	17072	0	0	0.000000	55.683927	53.620665	0.000000	0.000000	0	2273	0
594	1	1	3	0.000000	197.000000	197.000000	0.000000	0.000000	0	112	0
595	35	1	1	0.000000	57.657143	56.342857	0.000000	0.000000	0	32	0
596	538	0	1	0.000000	35.858736	35.302974	0.000000	0.000000	0	58	0
597	1006	0	0	0.000000	44.844930	41.452286	0.000000	0.000000	0	135	0
598	7311	1	1	0.000000	53.127889	51.506497	0.000000	0.000000	0	1013	0
599	1	1	1	0.000000	42.000000	42.000000	0.000000	0.000000	0	20	0
600	8	2	2	0.000000	83.000000	83.000000	0.000000	0.000000	0	36	0
601	118	1	1	0.000000	47.627119	46.601695	0.000000	0.000000	0	30	0
602	151	3	2	0.000000	263.238411	257.602649	0.000000	0.000000	0	220	0
603	1	2	1	0.000000	118.000000	118.000000	0.000000	0.000000	0	67	0
604	13	2	2	0.000000	146.076923	146.076923	0.000000	0.000000	0	78	0
605	82	1	1	0.000000	77.743902	75.012195	0.000000	0.000000	0	55	0
606	82	2	2	0.000000	155.926829	101.121951	0.000000	0.000000	0	111	0
607	20	2	2	0.000000	182.600000	155.350000	0.000000	0.000000	0	57	0
608	21	1	1	0.000000	111.047619	56.095238	0.000000	0.000000	0	45	0
609	1	1	3	0.000000	494.000000	383.000000	0.000000	0.000000	0	165	0
610	7	3	3	0.000000	796.428571	762.428571	0.000000	0.000000	0	312	0
611	1	1	1	0.000000	143.000000	143.000000	0.000000	0.000000	0	61	0
612	31	1	1	0.000000	113.774194	113.483871	0.000000	0.000000	0	50	0
613	56	1	2	0.000000	139.107143	72.000000	0.000000	0.000000	0	38	0
614	14	2	2	0.000000	183.928571	133.714286	0.000000	0.000000	0	48	0
615	12	1	1	0.000000	134.333333	87.333333	0.000000	0.000000	0	28	0
616	5	1	1	0.000000	93.600000	93.600000	0.000000	0.000000	0	26	0
617	1487	1	1	0.000000	66.272360	65.379960	0.000000	0.000000	0	263	0
618	17349	0	0	0.000000	56.313159	53.309297	0.000000	0.000000	0	2341	0
619	123	1	2	0.000000	126.756098	123.878049	0.000000	0.000000	0	112	0
620	2294	1	0	0.000000	68.822581	66.195292	0.000000	0.000000	0	392	0
621	3	2	2	0.000000	125.666667	108.666667	0.000000	0.000000	0	62	0
622	74	1	1	0.000000	57.567568	49.797297	0.000000	0.000000	0	35	0
623	255	2	2	0.000000	118.309804	98.709804	0.000000	0.000000	0	130	0
624	131	1	1	0.000000	160.992366	116.435115	0.000000	0.000000	0	131	0
625	19	2	2	0.000000	314.157895	261.473684	0.000000	0.000000	0	192	0
626	31	2	1	0.000000	278.806452	187.000000	0.000000	0.000000	0	140	0
627	6238	0	0	0.000000	47.192369	45.074383	0.000000	0.000000	0	742	0
628	2	1	2	0.000000	172.000000	167.000000	0.000000	0.000000	0	109	0
629	7	2	2	0.000000	257.142857	249.857143	0.000000	0.000000	0	162	0
630	29	2	1	0.000000	166.241379	109.793103	0.000000	0.000000	0	110	0
631	51	1	1	0.000000	87.549020	84.352941	0.000000	0.000000	0	49	0
632	11	1	2	0.000000	168.272727	163.454545	0.000000	0.000000	0	88	0
633	28	1	1	0.000000	60.142857	58.642857	0.000000	0.000000	0	42	0
634	881	1	1	0.000000	69.345062	68.086266	0.000000	0.000000	0	211	0
635	1	1	2	0.000000	196.000000	196.000000	0.000000	0.000000	0	95	0
636	8	1	2	0.000000	306.875000	242.250000	0.000000	0.000000	0	161	0
637	4251	0	1	0.000000	76.397789	72.684310	0.000000	0.000000	0	852	0
638	8	2	1	0.000000	152.875000	152.250000	0.000000	0.000000	0	100	0
639	6	1	1	0.000000	39.500000	39.500000	0.000000	0.000000	0	25	0
640	656	0	0	0.000000	31.051829	28.022866	0.000000	0.000000	0	78	0
641	11	1	1	0.000000	75.272727	75.272727	0.000000	0.000000	0	41	0
642	3	2	1	0.000000	300.666667	271.333333	0.000000	0.000000	0	139	0
643	1	2	5	0.000000	1229.000000	445.000000	0.000000	0.000000	0	541	0
644	1	1	1	0.000000	1121.000000	1117.000000	0.000000	0.000000	0	516	0
645	7	2	3	0.000000	278.857143	278.142857	0.000000	0.000000	0	140	0
646	31	1	1	0.000000	43.387097	41.064516	0.000000	0.000000	0	70	0
647	10296	0	0	0.000000	46.903846	44.971931	0.000000	0.000000	0	1249	0
648	37	1	1	0.000000	99.378378	99.162162	0.000000	0.000000	0	39	0
649	4	1	2	0.000000	158.750000	158.750000	0.000000	0.000000	0	73	0
650	14	1	2	0.000000	102.500000	49.214286	0.000000	0.000000	0	39	0
651	25	2	1	0.000000	151.040000	131.840000	0.000000	0.000000	0	56	0
652	49	1	1	0.000000	51.571429	51.571429	0.000000	0.000000	0	38	0
653	3	2	2	0.000000	116.333333	116.333333	0.000000	0.000000	0	64	0
654	1839	0	0	0.000000	45.725938	43.725394	0.000000	0.000000	0	222	0
655	53	2	2	0.000000	171.264151	167.018868	0.000000	0.000000	0	117	0
656	3	1	0	0.000000	153.666667	153.666667	0.000000	0.000000	0	104	0
657	1	1	4	0.000000	625.000000	625.000000	0.000000	0.000000	0	280	0
658	1	3	1	0.000000	817.000000	713.000000	0.000000	0.000000	0	413	0
659	1	0	1	0.000000	115.000000	115.000000	0.000000	0.000000	0	48	0
660	884	0	0	0.000000	41.385747	40.501131	0.000000	0.000000	0	91	0
661	1	2	2	0.000000	274.000000	274.000000	0.000000	0.000000	0	139	0
662	1	3	2	0.000000	644.000000	641.000000	0.000000	0.000000	0	251	0
663	1	2	2	0.000000	445.000000	445.000000	0.000000	0.000000	0	159	0
664	2115	0	1	0.000000	62.852009	60.377778	0.000000	0.000000	0	341	0
665	58	1	1	0.000000	122.706897	82.310345	0.000000	0.000000	0	52	0
666	4	2	2	0.000000	241.500000	119.500000	0.000000	0.000000	0	85	0
667	2	0	1	0.000000	78.000000	78.000000	0.000000	0.000000	0	39	0
668	3728	0	0	0.000000	46.141631	44.832082	0.000000	0.000000	0	409	0
669	2	1	2	0.000000	143.500000	139.500000	0.000000	0.000000	0	82	0
670	4689	0	0	0.000000	50.243549	46.382598	0.000000	0.000000	0	573	0
671	56	2	2	0.000000	166.214286	161.750000	0.000000	0.000000	0	119	0
672	39	1	1	0.000000	36.897436	36.589744	0.000000	0.000000	0	19	0
673	6	1	1	0.000000	175.333333	91.000000	0.000000	0.000000	0	77	0
674	383	2	2	0.000000	270.937337	177.399478	0.000000	0.000000	0	333	0
675	34	1	0	0.000000	62.264706	61.323529	0.000000	0.000000	0	46	0
676	1	1	2	0.000000	166.000000	164.000000	0.000000	0.000000	0	67	0
677	1444	0	0	0.000000	71.357341	69.992382	0.000000	0.000000	0	295	0
678	1	1	0	0.000000	99.000000	99.000000	0.000000	0.000000	0	36	0
679	3	3	1	0.000000	326.333333	318.666667	0.000000	0.000000	0	125	0
680	1	3	1	0.000000	268.000000	261.000000	0.000000	0.000000	0	101	0
681	2	2	1	0.000000	101.000000	97.500000	0.000000	0.000000	0	40	0
682	370	1	1	0.000000	22.424324	22.148649	0.000000	0.000000	0	77	0
683	1039	1	1	0.000000	77.621752	74.919153	0.000000	0.000000	0	233	0
684	6	2	2	0.000000	115.333333	115.333333	0.000000	0.000000	0	64	0
685	38	1	1	0.000000	61.763158	61.052632	0.000000	0.000000	0	35	0
686	6	2	2	0.000000	111.166667	109.666667	0.000000	0.000000	0	67	0
687	325	1	1	0.000000	55.621538	49.793846	0.000000	0.000000	0	76	0
688	1	1	1	0.000000	38.000000	38.000000	0.000000	0.000000	0	18	0
689	1	2	2	0.000000	217.000000	215.000000	0.000000	0.000000	0	100	0
690	40	2	1	0.000000	44.025000	44.025000	0.000000	0.000000	0	92	0
691	12915	0	0	0.000000	48.479830	45.975842	0.000000	0.000000	0	1507	0
692	58	2	1	0.000000	87.551724	49.603448	0.000000	0.000000	0	103	0
693	3	2	0	0.000000	44.000000	44.000000	0.000000	0.000000	0	22	0
694	4113	0	0	0.000000	48.818381	46.620715	0.000000	0.000000	0	517	0
695	13	1	1	0.000000	93.692308	89.307692	0.000000	0.000000	0	43	0
696	2	0	0	0.000000	125.000000	58.000000	0.000000	0.000000	0	30	0
697	214	1	1	0.000000	63.799065	62.682243	0.000000	0.000000	0	60	0
698	2	2	2	0.000000	147.000000	145.000000	0.000000	0.000000	0	57	0
699	2252	0	1	0.000000	49.265098	47.012877	0.000000	0.000000	0	287	0
700	85	1	1	0.000000	71.388235	70.105882	0.000000	0.000000	0	65	0
701	950	1	1	0.000000	50.943158	50.084211	0.000000	0.000000	0	173	0
702	1	1	2	0.000000	205.000000	133.000000	0.000000	0.000000	0	75	0
703	5152	1	0	0.000000	52.401592	51.885870	0.000000	0.000000	0	715	0
704	1	2	1	0.000000	129.000000	129.000000	0.000000	0.000000	0	60	0
705	1	1	2	0.000000	109.000000	109.000000	0.000000	0.000000	0	63	0
706	269	0	0	0.000000	37.520446	36.836431	0.000000	0.000000	0	43	0
707	4	0	0	0.000000	141.000000	140.250000	0.000000	0.000000	0	73	0
708	33	2	2	0.000000	719.818182	561.878788	0.000000	0.000000	0	433	0
709	38	1	1	0.000000	52.447368	51.736842	0.000000	0.000000	0	43	0
710	197	1	0	0.000000	45.776650	34.431472	0.000000	0.000000	0	45	0
711	87	2	2	0.000000	143.000000	116.505747	0.000000	0.000000	0	89	0
712	283	0	0	0.000000	32.777385	31.554770	0.000000	0.000000	0	51	0
713	76	1	2	0.000000	84.539474	82.723684	0.000000	0.000000	0	108	0
714	16	2	1	0.000000	152.812500	149.562500	0.000000	0.000000	0	93	0
715	15	1	1	0.000000	65.200000	65.200000	0.000000	0.000000	0	36	0
716	5529	0	1	0.000000	56.801411	53.566649	0.000000	0.000000	0	785	0
717	8	2	2	0.000000	98.875000	97.750000	0.000000	0.000000	0	56	0
718	139	0	0	0.000000	38.496403	37.597122	0.000000	0.000000	0	25	0
719	7	0	0	0.000000	120.142857	116.142857	0.000000	0.000000	0	53	0
720	1	2	3	0.000000	273.000000	272.000000	0.000000	0.000000	0	136	0
721	1	2	2	0.000000	199.000000	199.000000	0.000000	0.000000	0	102	0
722	39	1	1	0.000000	56.051282	55.358974	0.000000	0.000000	0	80	0
723	50	1	1	0.000000	47.780000	46.900000	0.000000	0.000000	0	36	0
724	42	1	1	0.000000	259.976190	186.023810	0.000000	0.000000	0	146	0
725	30	1	1	0.000000	61.833333	61.066667	0.000000	0.000000	0	36	0
726	274	1	1	0.000000	37.832117	35.704380	0.000000	0.000000	0	103	0
727	97	2	1	0.000000	87.546392	47.082474	0.000000	0.000000	0	75	0
728	40	1	1	0.000000	48.550000	46.850000	0.000000	0.000000	0	31	0
729	1	1	2	0.000000	116.000000	116.000000	0.000000	0.000000	0	66	0
730	1	2	1	0.000000	102.000000	102.000000	0.000000	0.000000	0	65	0
731	13	1	1	0.000000	53.230769	53.230769	0.000000	0.000000	0	34	0
732	24	1	2	0.000000	123.916667	102.333333	0.000000	0.000000	0	49	0
733	3	1	2	0.000000	352.666667	352.666667	0.000000	0.000000	0	147	0
734	1	1	4	0.000000	830.000000	824.000000	0.000000	0.000000	0	313	0
735	14	1	1	0.000000	72.642857	33.857143	0.000000	0.000000	0	78	0
736	2	0	0	0.000000	103.500000	103.500000	0.000000	0.000000	0	58	0
737	1127	0	1	0.000000	45.218279	39.250222	0.000000	0.000000	0	151	0
738	3047	1	0	0.000000	42.268461	39.815556	0.000000	0.000000	0	330	0
739	533	1	0	0.000000	52.872420	51.932458	0.000000	0.000000	0	87	0
740	65	2	2	0.000000	337.707692	268.830769	0.000000	0.000000	0	213	0
741	202	2	1	0.000000	206.797030	104.678218	0.000000	0.000000	0	233	0
742	1	2	2	0.000000	230.000000	170.000000	0.000000	0.000000	0	106	0
743	2	1	2	0.000000	48.000000	48.000000	0.000000	0.000000	0	25	0
744	48	1	2	0.000000	51.166667	51.125000	0.000000	0.000000	0	46	0
745	8	1	2	0.000000	97.875000	96.875000	0.000000	0.000000	0	65	0
746	2	2	2	0.000000	155.500000	154.500000	0.000000	0.000000	0	86	0
747	37	1	2	0.000000	96.891892	53.756757	0.000000	0.000000	0	51	0
748	24	2	2	0.000000	204.375000	200.625000	0.000000	0.000000	0	124	0
749	155	1	1	0.000000	179.180645	138.419355	0.000000	0.000000	0	143	0
750	3448	0	0	0.000000	48.016531	45.398202	0.000000	0.000000	0	393	0
751	30	0	0	0.000000	110.533333	109.400000	0.000000	0.000000	0	78	0
752	171	1	2	0.000000	186.450292	131.695906	0.000000	0.000000	0	169	0
753	1146	0	0	0.000000	32.902269	30.852531	0.000000	0.000000	0	97	0
754	1	2	1	0.000000	247.000000	245.000000	0.000000	0.000000	0	107	0
755	1	0	1	0.000000	111.000000	110.000000	0.000000	0.000000	0	53	0
756	11	2	2	0.000000	153.000000	152.000000	0.000000	0.000000	0	76	0
757	1202	0	1	0.000000	60.726290	58.757072	0.000000	0.000000	0	205	0
758	830	0	0	0.000000	35.995181	35.338554	0.000000	0.000000	0	89	0
759	16	1	1	0.000000	50.437500	49.937500	0.000000	0.000000	0	36	0
760	10	1	1	0.000000	116.100000	115.400000	0.000000	0.000000	0	56	0
761	24	2	2	0.000000	223.125000	168.333333	0.000000	0.000000	0	95	0
762	106	1	1	0.000000	117.792453	105.669811	0.000000	0.000000	0	75	0
763	3	1	2	0.000000	122.666667	121.666667	0.000000	0.000000	0	69	0
764	2	2	2	0.000000	260.000000	174.000000	0.000000	0.000000	0	94	0
765	13	1	1	0.000000	164.461538	87.461538	0.000000	0.000000	0	103	0
766	70	2	1	0.000000	121.414286	118.528571	0.000000	0.000000	0	75	0
767	3	2	1	0.000000	145.333333	144.333333	0.000000	0.000000	0	55	0
768	1	2	1	0.000000	93.000000	92.000000	0.000000	0.000000	0	37	0
769	48	1	1	0.000000	39.937500	38.416667	0.000000	0.000000	0	25	0
770	2	1	2	0.000000	72.500000	45.000000	0.000000	0.000000	0	19	0
771	2	1	3	0.000000	289.000000	158.500000	0.000000	0.000000	0	130	0
772	4	1	2	0.000000	373.250000	371.250000	0.000000	0.000000	0	172	0
773	1	5	2	0.000000	426.000000	335.000000	0.000000	0.000000	0	204	0
774	1	1	0	0.000000	84.000000	84.000000	0.000000	0.000000	0	52	0
775	1	0	0	0.000000	102.000000	100.000000	0.000000	0.000000	0	34	0
776	2994	0	0	0.000000	44.403140	41.708417	0.000000	0.000000	0	345	0
777	966	0	1	0.000000	37.290890	36.330228	0.000000	0.000000	0	101	0
778	1794	1	1	0.000000	73.701784	68.023969	0.000000	0.000000	0	370	0
779	6	1	2	0.000000	121.833333	121.833333	0.000000	0.000000	0	74	0
780	1213	0	0	0.000000	28.910965	28.510305	0.000000	0.000000	0	91	0
781	290	1	2	0.000000	181.020690	176.662069	0.000000	0.000000	0	197	0
782	115	1	1	0.000000	77.982609	76.791304	0.000000	0.000000	0	64	0
783	233	1	2	0.000000	102.888412	88.798283	0.000000	0.000000	0	126	0
784	155	1	1	0.000000	53.548387	52.148387	0.000000	0.000000	0	41	0
785	4	1	0	0.000000	99.750000	99.750000	0.000000	0.000000	0	81	0
786	1	2	1	0.000000	100.000000	98.000000	0.000000	0.000000	0	63	0
787	42	0	1	0.000000	53.404762	43.500000	0.000000	0.000000	0	59	0
788	40	1	1	0.000000	56.300000	55.525000	0.000000	0.000000	0	44	0
789	3	1	2	0.000000	53.000000	53.000000	0.000000	0.000000	0	40	0
790	17	0	2	0.000000	77.470588	75.882353	0.000000	0.000000	0	118	0
791	1	1	2	0.000000	215.000000	215.000000	0.000000	0.000000	0	93	0
792	1	1	2	0.000000	607.000000	599.000000	0.000000	0.000000	0	296	0
793	2	1	2	0.000000	109.000000	106.000000	0.000000	0.000000	0	52	0
794	1	1	2	0.000000	161.000000	156.000000	0.000000	0.000000	0	82	0
795	14	0	2	0.000000	120.714286	120.714286	0.000000	0.000000	0	58	0
796	16	1	2	0.000000	395.500000	153.000000	0.000000	0.000000	0	209	0
797	82	1	1	0.000000	62.170732	61.573171	0.000000	0.000000	0	46	0
798	105	1	2	0.000000	123.609524	119.742857	0.000000	0.000000	0	172	0
799	303	2	1	0.000000	237.706271	194.062706	0.000000	0.000000	0	280	0
800	4	1	2	0.000000	360.000000	130.250000	0.000000	0.000000	0	124	0
801	1	1	2	0.000000	471.000000	227.000000	0.000000	0.000000	0	218	0
802	1	1	1	0.000000	53.000000	53.000000	0.000000	0.000000	0	24	0
803	223	0	1	0.000000	32.529148	29.757848	0.000000	0.000000	0	45	0
804	138	1	2	0.000000	154.615942	108.978261	0.000000	0.000000	0	149	0
805	36	1	1	0.000000	64.972222	64.972222	0.000000	0.000000	0	42	0
806	3	1	0	0.000000	158.666667	158.666667	0.000000	0.000000	0	71	0
807	2	1	2	0.000000	105.500000	105.500000	0.000000	0.000000	0	68	0
808	13339	1	1	0.000000	49.455731	47.004948	0.000000	0.000000	0	1666	0
809	2598	0	1	0.000000	53.672440	51.655504	0.000000	0.000000	0	348	0
810	1796	0	0	0.000000	51.559020	49.996659	0.000000	0.000000	0	231	0
811	1	3	1	0.000000	189.000000	186.000000	0.000000	0.000000	0	99	0
812	4076	0	0	0.000000	54.211482	52.490677	0.000000	0.000000	0	570	0
813	14	0	0	0.000000	150.928571	147.071429	0.000000	0.000000	0	87	0
814	296	1	1	0.000000	47.388514	43.415541	0.000000	0.000000	0	60	0
815	1	2	2	0.000000	71.000000	71.000000	0.000000	0.000000	0	48	0
816	1	2	1	0.000000	71.000000	71.000000	0.000000	0.000000	0	49	0
817	45	1	1	0.000000	48.800000	45.844444	0.000000	0.000000	0	97	0
818	18	0	0	0.000000	150.333333	140.111111	0.000000	0.000000	0	136	0
819	1354	1	1	0.000000	62.236337	57.271787	0.000000	0.000000	0	255	0
820	14	1	2	0.000000	93.000000	79.857143	0.000000	0.000000	0	48	0
821	1	2	0	0.000000	119.000000	119.000000	0.000000	0.000000	0	53	0
822	1	1	0	0.000000	83.000000	83.000000	0.000000	0.000000	0	46	0
823	5	2	2	0.000000	130.000000	128.400000	0.000000	0.000000	0	67	0
824	4	0	1	0.000000	81.750000	81.750000	0.000000	0.000000	0	45	0
825	16332	0	1	0.000000	54.006858	51.332843	0.000000	0.000000	0	2219	0
826	16	0	1	0.000000	99.750000	99.125000	0.000000	0.000000	0	90	0
827	49	2	2	0.000000	140.673469	138.938776	0.000000	0.000000	0	74	0
828	49	1	1	0.000000	38.387755	37.040816	0.000000	0.000000	0	33	0
829	10	2	2	0.000000	80.200000	78.300000	0.000000	0.000000	0	43	0
830	4326	0	0	0.000000	50.209663	47.612806	0.000000	0.000000	0	548	0
831	580	1	1	0.000000	88.175862	75.394828	0.000000	0.000000	0	146	0
832	45	1	1	0.000000	43.000000	42.311111	0.000000	0.000000	0	44	0
833	38	1	1	0.000000	59.947368	57.710526	0.000000	0.000000	0	68	0
834	3683	1	1	0.000000	50.812653	50.044529	0.000000	0.000000	0	536	0
835	44	1	1	0.000000	61.113636	59.295455	0.000000	0.000000	0	43	0
836	11	1	1	0.000000	71.454545	69.545455	0.000000	0.000000	0	40	0
837	26	1	2	0.000000	128.769231	63.538462	0.000000	0.000000	0	51	0
838	1	2	1	0.000000	175.000000	175.000000	0.000000	0.000000	0	77	0
839	40	2	1	0.000000	119.300000	117.900000	0.000000	0.000000	0	53	0
840	18	1	1	0.000000	63.888889	61.388889	0.000000	0.000000	0	35	0
841	3361	0	0	0.000000	50.064267	47.481404	0.000000	0.000000	0	457	0
842	9	1	1	0.000000	106.000000	47.222222	0.000000	0.000000	0	58	0
843	92	2	2	0.000000	144.836957	90.000000	0.000000	0.000000	0	141	0
844	37	1	1	0.000000	159.054054	83.108108	0.000000	0.000000	0	88	0
845	108	2	2	0.000000	206.314815	138.250000	0.000000	0.000000	0	167	0
846	12	1	1	0.000000	53.500000	52.083333	0.000000	0.000000	0	45	0
847	1877	0	1	0.000000	51.365477	49.184337	0.000000	0.000000	0	292	0
848	40	1	1	0.000000	107.625000	67.300000	0.000000	0.000000	0	53	0
849	2	0	0	0.000000	139.000000	138.000000	0.000000	0.000000	0	78	0
850	1	1	0	0.000000	104.000000	104.000000	0.000000	0.000000	0	65	0
851	417	1	1	0.000000	88.244604	86.136691	0.000000	0.000000	0	141	0
852	1	2	1	0.000000	288.000000	286.000000	0.000000	0.000000	0	153	0
853	1	2	1	0.000000	151.000000	151.000000	0.000000	0.000000	0	80	0
854	27	1	1	0.000000	84.518519	83.259259	0.000000	0.000000	0	46	0
855	9	0	0	0.000000	61.777778	58.888889	0.000000	0.000000	0	24	0
856	411	0	0	0.000000	45.642336	45.097324	0.000000	0.000000	0	47	0
857	69	1	2	0.000000	231.507246	172.898551	0.000000	0.000000	0	160	0
858	2	1	1	0.000000	182.000000	180.000000	0.000000	0.000000	0	88	0
859	1	0	0	0.000000	66.000000	66.000000	0.000000	0.000000	0	34	0
860	1	1	1	0.000000	31.000000	31.000000	0.000000	0.000000	0	15	0
861	31279	0	1	0.000000	54.320886	51.585888	0.000000	0.000000	0	4120	0
862	1	2	2	0.000000	98.000000	98.000000	0.000000	0.000000	0	36	0
863	1	2	1	0.000000	95.000000	94.000000	0.000000	0.000000	0	53	0
864	1266	0	0	0.000000	54.695893	52.338073	0.000000	0.000000	0	177	0
865	1470	0	1	0.000000	70.665306	65.843537	0.000000	0.000000	0	311	0
866	9692	0	0	0.000000	49.476063	47.797668	0.000000	0.000000	0	1197	0
867	122	1	1	0.000000	39.942623	39.434426	0.000000	0.000000	0	35	0
868	11	0	1	0.000000	148.363636	143.090909	0.000000	0.000000	0	83	0
869	6	1	1	0.000000	56.500000	56.500000	0.000000	0.000000	0	22	0
870	1	3	1	0.000000	433.000000	433.000000	0.000000	0.000000	0	242	0
871	2	2	1	0.000000	187.500000	187.500000	0.000000	0.000000	0	108	0
872	4	2	1	0.000000	76.250000	76.250000	0.000000	0.000000	0	55	0
873	1	3	1	0.000000	380.000000	374.000000	0.000000	0.000000	0	185	0
874	994	0	0	0.000000	27.908451	27.230382	0.000000	0.000000	0	70	0
875	10	1	1	0.000000	50.400000	50.400000	0.000000	0.000000	0	30	0
876	1	1	2	0.000000	129.000000	126.000000	0.000000	0.000000	0	84	0
877	1	3	1	0.000000	186.000000	186.000000	0.000000	0.000000	0	90	0
878	76	1	1	0.000000	83.789474	77.947368	0.000000	0.000000	0	100	0
879	1	1	2	0.000000	161.000000	161.000000	0.000000	0.000000	0	61	0
880	11810	0	1	0.000000	53.129043	50.437849	0.000000	0.000000	0	1629	0
881	1	1	0	0.000000	101.000000	101.000000	0.000000	0.000000	0	58	0
882	67	1	1	0.000000	66.910448	66.865672	0.000000	0.000000	0	39	0
883	7	1	2	0.000000	174.000000	119.000000	0.000000	0.000000	0	83	0
884	10	1	1	0.000000	93.000000	93.000000	0.000000	0.000000	0	60	0
885	110	1	1	0.000000	79.245455	77.090909	0.000000	0.000000	0	60	0
886	2	3	1	0.000000	170.500000	168.500000	0.000000	0.000000	0	72	0
887	79	1	1	0.000000	57.012658	55.911392	0.000000	0.000000	0	47	0
888	35	1	1	0.000000	56.400000	54.800000	0.000000	0.000000	0	43	0
889	94	1	1	0.000000	80.446809	79.787234	0.000000	0.000000	0	57	0
890	185	1	1	0.000000	72.443243	71.372973	0.000000	0.000000	0	76	0
891	4	2	2	0.000000	131.750000	127.250000	0.000000	0.000000	0	63	0
892	5	2	2	0.000000	203.000000	200.600000	0.000000	0.000000	0	85	0
893	216	1	2	0.000000	80.467593	78.643519	0.000000	0.000000	0	78	0
894	77	1	1	0.000000	73.259740	72.857143	0.000000	0.000000	0	42	0
895	16	1	2	0.000000	93.750000	92.812500	0.000000	0.000000	0	58	0
896	9	1	2	0.000000	171.777778	168.777778	0.000000	0.000000	0	95	0
897	108	1	2	0.000000	186.277778	151.638889	0.000000	0.000000	0	166	0
898	28985	1	0	0.000000	54.471727	51.088839	0.000000	0.000000	0	3898	0
899	53	1	1	0.000000	174.150943	102.207547	0.000000	0.000000	0	65	0
900	19	2	2	0.000000	328.473684	327.105263	0.000000	0.000000	0	146	0
901	20	2	1	0.000000	262.400000	171.800000	0.000000	0.000000	0	114	0
902	25	1	1	0.000000	53.800000	53.800000	0.000000	0.000000	0	33	0
903	4	1	2	0.000000	125.000000	125.000000	0.000000	0.000000	0	83	0
904	4	2	2	0.000000	144.750000	142.750000	0.000000	0.000000	0	79	0
905	191	1	1	0.000000	72.801047	72.146597	0.000000	0.000000	0	78	0
906	31	1	1	0.000000	64.741935	64.741935	0.000000	0.000000	0	31	0
907	3	1	2	0.000000	108.666667	108.666667	0.000000	0.000000	0	41	0
908	2	2	2	0.000000	142.500000	142.500000	0.000000	0.000000	0	55	0
909	5	2	1	0.000000	96.000000	95.200000	0.000000	0.000000	0	42	0
910	13	0	1	0.000000	65.846154	63.615385	0.000000	0.000000	0	62	0
911	107	1	1	0.000000	77.439252	70.971963	0.000000	0.000000	0	56	0
912	1	1	0	0.000000	102.000000	102.000000	0.000000	0.000000	0	35	0
913	1	2	1	0.000000	225.000000	224.000000	0.000000	0.000000	0	95	0
914	3	2	1	0.000000	112.000000	111.666667	0.000000	0.000000	0	70	0
915	45	1	1	0.000000	55.866667	55.177778	0.000000	0.000000	0	25	0
916	40	2	2	0.000000	152.150000	127.600000	0.000000	0.000000	0	76	0
917	73	0	0	0.000000	27.849315	27.041096	0.000000	0.000000	0	18	0
918	4	0	0	0.000000	93.500000	92.500000	0.000000	0.000000	0	40	0
919	2	1	1	0.000000	35.000000	34.000000	0.000000	0.000000	0	16	0
920	2	2	2	0.000000	215.000000	208.500000	0.000000	0.000000	0	118	0
921	1	1	2	0.000000	126.000000	126.000000	0.000000	0.000000	0	60	0
922	185	1	1	0.000000	75.254054	72.470270	0.000000	0.000000	0	69	0
923	39	1	1	0.000000	50.358974	49.564103	0.000000	0.000000	0	41	0
924	1	1	1	0.000000	232.000000	232.000000	0.000000	0.000000	0	122	0
925	2	2	2	0.000000	215.000000	215.000000	0.000000	0.000000	0	120	0
926	85	2	1	0.000000	77.400000	75.635294	0.000000	0.000000	0	92	0
927	172	1	1	0.000000	91.947674	91.523256	0.000000	0.000000	0	73	0
928	76	1	1	0.000000	72.868421	71.092105	0.000000	0.000000	0	40	0
929	49	1	0	0.000000	51.224490	50.591837	0.000000	0.000000	0	55	0
930	81	1	1	0.000000	78.827160	78.444444	0.000000	0.000000	0	49	0
931	1021	1	1	0.000000	71.625857	70.558276	0.000000	0.000000	0	181	0
932	133	1	2	0.000000	572.751880	471.744361	0.000000	0.000000	0	487	0
933	6	2	1	0.000000	377.500000	375.333333	0.000000	0.000000	0	124	0
934	3	2	1	0.000000	248.000000	248.000000	0.000000	0.000000	0	118	0
935	5	2	1	0.000000	188.600000	188.000000	0.000000	0.000000	0	79	0
936	16	1	1	0.000000	53.375000	51.375000	0.000000	0.000000	0	29	0
937	14	1	2	0.000000	191.142857	91.857143	0.000000	0.000000	0	83	0
938	46	1	2	0.000000	257.913043	141.239130	0.000000	0.000000	0	93	0
939	1	1	1	0.000000	435.000000	435.000000	0.000000	0.000000	0	15	0
940	10	0	0	0.000000	125.000000	124.600000	0.000000	0.000000	0	62	0
941	293	1	1	0.000000	26.764505	26.498294	0.000000	0.000000	0	57	0
942	217	1	1	0.000000	71.331797	70.474654	0.000000	0.000000	0	74	0
943	5	2	2	0.000000	162.400000	162.400000	0.000000	0.000000	0	83	0
944	417	1	1	0.000000	83.199041	81.635492	0.000000	0.000000	0	124	0
945	37	1	1	0.000000	119.675676	115.378378	0.000000	0.000000	0	55	0
946	280	0	1	0.000000	52.603571	40.260714	0.000000	0.000000	0	42	0
947	44	2	1	0.000000	97.750000	42.613636	0.000000	0.000000	0	61	0
948	5	1	1	0.000000	40.000000	40.000000	0.000000	0.000000	0	20	0
949	49	1	1	0.000000	40.224490	39.795918	0.000000	0.000000	0	26	0
950	10	1	2	0.000000	77.300000	76.500000	0.000000	0.000000	0	35	0
951	3	2	2	0.000000	148.000000	148.000000	0.000000	0.000000	0	91	0
952	2	1	2	0.000000	155.500000	63.000000	0.000000	0.000000	0	39	0
953	1	2	1	0.000000	94.000000	94.000000	0.000000	0.000000	0	40	0
954	84	0	0	0.000000	97.059524	76.988095	0.000000	0.000000	0	94	0
955	1904	1	1	0.000000	61.570378	59.702206	0.000000	0.000000	0	339	0
956	1	2	2	0.000000	138.000000	138.000000	0.000000	0.000000	0	69	0
957	43	1	1	0.000000	73.837209	73.279070	0.000000	0.000000	0	54	0
958	28	1	1	0.000000	48.964286	48.964286	0.000000	0.000000	0	33	0
959	3	1	2	0.000000	100.000000	100.000000	0.000000	0.000000	0	60	0
960	1	1	2	0.000000	331.000000	329.000000	0.000000	0.000000	0	106	0
961	1	2	1	0.000000	280.000000	98.000000	0.000000	0.000000	0	77	0
962	33	1	1	0.000000	215.848485	113.121212	0.000000	0.000000	0	73	0
963	11	2	1	0.000000	270.909091	263.272727	0.000000	0.000000	0	86	0
964	31	1	1	0.000000	218.870968	209.322581	0.000000	0.000000	0	86	0
965	17	0	0	0.000000	114.588235	113.588235	0.000000	0.000000	0	52	0
966	50	2	2	0.000000	227.100000	165.920000	0.000000	0.000000	0	154	0
967	891	0	0	0.000000	48.465769	45.282828	0.000000	0.000000	0	116	0
968	37	1	1	0.000000	80.594595	52.405405	0.000000	0.000000	0	44	0
969	3	2	1	0.000000	111.666667	109.333333	0.000000	0.000000	0	47	0
970	26	1	1	0.000000	80.653846	79.038462	0.000000	0.000000	0	57	0
971	8	0	0	0.000000	71.375000	70.125000	0.000000	0.000000	0	42	0
972	4	0	0	0.000000	99.750000	99.750000	0.000000	0.000000	0	62	0
973	13	1	2	0.000000	301.692308	227.384615	0.000000	0.000000	0	97	0
974	24	1	1	0.000000	127.625000	68.375000	0.000000	0.000000	0	72	0
975	80	1	1	0.000000	70.800000	69.500000	0.000000	0.000000	0	59	0
976	55	1	2	0.000000	132.600000	131.036364	0.000000	0.000000	0	74	0
977	21	1	1	0.000000	63.238095	59.333333	0.000000	0.000000	0	49	0
978	2	1	0	0.000000	77.000000	77.000000	0.000000	0.000000	0	40	0
979	5	3	3	0.000000	175.400000	175.400000	0.000000	0.000000	0	95	0
980	1	1	1	0.000000	87.000000	87.000000	0.000000	0.000000	0	45	0
981	1	2	2	0.000000	125.000000	125.000000	0.000000	0.000000	0	54	0
982	33	1	1	0.000000	48.333333	48.333333	0.000000	0.000000	0	52	0
983	2	0	1	0.000000	123.000000	123.000000	0.000000	0.000000	0	70	0
984	1	1	0	0.000000	96.000000	96.000000	0.000000	0.000000	0	50	0
985	51	0	1	0.000000	57.607843	52.862745	0.000000	0.000000	0	71	0
986	178	1	1	0.000000	74.404494	72.994382	0.000000	0.000000	0	82	0
987	3	0	1	0.000000	89.666667	69.333333	0.000000	0.000000	0	52	0
988	70	1	1	0.000000	50.957143	50.000000	0.000000	0.000000	0	24	0
989	217	1	1	0.000000	93.248848	81.419355	0.000000	0.000000	0	67	0
990	11	1	1	0.000000	68.545455	68.545455	0.000000	0.000000	0	38	0
991	1	1	2	0.000000	123.000000	123.000000	0.000000	0.000000	0	61	0
992	1	1	2	0.000000	78.000000	77.000000	0.000000	0.000000	0	17	0
993	1	1	2	0.000000	35.000000	35.000000	0.000000	0.000000	0	17	0
994	119	0	0	0.000000	90.764706	64.445378	0.000000	0.000000	0	55	0
995	55	1	1	0.000000	85.636364	85.181818	0.000000	0.000000	0	64	0
996	916	0	1	0.000000	42.485808	39.839520	0.000000	0.000000	0	97	0
997	7	2	1	0.000000	56.000000	56.000000	0.000000	0.000000	0	42	0
998	36	1	1	0.000000	53.000000	52.083333	0.000000	0.000000	0	35	0
999	1	1	1	0.000000	50.000000	50.000000	0.000000	0.000000	0	31	0
1000	4	1	0	0.000000	115.750000	112.750000	0.000000	0.000000	0	49	0
1001	1	1	2	0.000000	115.000000	115.000000	0.000000	0.000000	0	50	0
1002	78	2	2	0.000000	81.064103	77.500000	0.000000	0.000000	0	45	0
1003	42	1	1	0.000000	40.000000	39.547619	0.000000	0.000000	0	29	0
1004	8	1	1	0.000000	71.375000	71.375000	0.000000	0.000000	0	42	0
1005	58	1	1	0.000000	53.103448	52.568966	0.000000	0.000000	0	31	0
1006	1	1	2	0.000000	124.000000	122.000000	0.000000	0.000000	0	63	0
1007	49	1	1	0.000000	132.326531	74.775510	0.000000	0.000000	0	51	0
1008	178	1	1	0.000000	73.797753	73.438202	0.000000	0.000000	0	61	0
1009	13	2	2	0.000000	179.000000	177.000000	0.000000	0.000000	0	103	0
1010	20	0	0	0.000000	110.100000	105.950000	0.000000	0.000000	0	65	0
1011	85	1	1	0.000000	54.105882	52.000000	0.000000	0.000000	0	38	0
1012	11	1	1	0.000000	129.181818	81.181818	0.000000	0.000000	0	70	0
1013	47	1	2	0.000000	174.297872	110.000000	0.000000	0.000000	0	106	0
1014	1	1	1	0.000000	38.000000	38.000000	0.000000	0.000000	0	17	0
1015	9773	1	1	0.000000	49.723012	46.687506	0.000000	0.000000	0	1160	0
1016	51	1	1	0.000000	79.686275	75.941176	0.000000	0.000000	0	47	0
1017	75	1	1	0.000000	75.826667	69.146667	0.000000	0.000000	0	58	0
1018	6	1	2	0.000000	152.000000	145.500000	0.000000	0.000000	0	88	0
1019	1	1	2	0.000000	139.000000	138.000000	0.000000	0.000000	0	69	0
1020	10	1	1	0.000000	44.300000	42.100000	0.000000	0.000000	0	28	0
1021	16	1	1	0.000000	46.812500	46.687500	0.000000	0.000000	0	29	0
1022	796	0	0	0.000000	40.571608	38.801508	0.000000	0.000000	0	98	0
1023	46	1	0	0.000000	80.282609	53.043478	0.000000	0.000000	0	30	0
1024	1	0	2	0.000000	77.000000	76.000000	0.000000	0.000000	0	24	0
1025	7780	2	1	0.000000	55.541260	52.558098	0.000000	0.000000	0	1049	0
1026	275	1	0	0.000000	48.461818	44.276364	0.000000	0.000000	0	50	0
1027	5	1	1	0.000000	51.600000	51.600000	0.000000	0.000000	0	30	0
1028	12	1	1	0.000000	45.333333	45.333333	0.000000	0.000000	0	25	0
1029	109	1	1	0.000000	62.155963	61.412844	0.000000	0.000000	0	47	0
1030	22	1	1	0.000000	55.772727	55.772727	0.000000	0.000000	0	23	0
1031	3857	1	0	0.000000	50.549909	49.163599	0.000000	0.000000	0	534	0
1032	38	1	1	0.000000	48.368421	47.157895	0.000000	0.000000	0	59	0
1033	8	1	1	0.000000	85.250000	83.250000	0.000000	0.000000	0	40	0
1034	3	1	1	0.000000	39.666667	39.666667	0.000000	0.000000	0	11	0
1035	11030	1	1	0.000000	56.118767	53.825023	0.000000	0.000000	0	1554	0
1036	5	2	0	0.000000	51.400000	49.400000	0.000000	0.000000	0	51	0
1037	1	0	1	0.000000	44.000000	43.000000	0.000000	0.000000	0	23	0
1038	22	1	1	0.000000	35.909091	33.045455	0.000000	0.000000	0	25	0
1039	1	1	1	0.000000	36.000000	36.000000	0.000000	0.000000	0	22	0
1040	64	1	1	0.000000	51.500000	50.718750	0.000000	0.000000	0	35	0
1041	7	1	1	0.000000	73.142857	73.142857	0.000000	0.000000	0	31	0
1042	205	0	0	0.000000	36.219512	33.395122	0.000000	0.000000	0	35	0
1043	5	3	2	0.000000	294.000000	96.400000	0.000000	0.000000	0	94	0
1044	1	1	1	0.000000	102.000000	48.000000	0.000000	0.000000	0	35	0
1045	3	2	3	0.000000	565.333333	49.000000	0.000000	0.000000	0	206	0
1046	57	1	1	0.000000	68.228070	62.421053	0.000000	0.000000	0	51	0
1047	6	2	2	0.000000	136.666667	134.000000	0.000000	0.000000	0	86	0
1048	63	1	1	0.000000	86.619048	85.666667	0.000000	0.000000	0	96	0
1049	3	1	2	0.000000	193.333333	192.333333	0.000000	0.000000	0	99	0
1050	1	2	1	0.000000	154.000000	154.000000	0.000000	0.000000	0	90	0
1051	1	1	1	0.000000	68.000000	68.000000	0.000000	0.000000	0	31	0
1052	38	1	2	0.000000	65.315789	60.026316	0.000000	0.000000	0	66	0
1053	155	1	0	0.000000	31.664516	31.664516	0.000000	0.000000	0	25	0
1054	333	1	1	0.000000	39.648649	39.270270	0.000000	0.000000	0	48	0
1055	445	0	0	0.000000	27.541573	26.923596	0.000000	0.000000	0	31	0
1056	81	1	1	0.000000	49.913580	49.148148	0.000000	0.000000	0	29	0
1057	2	1	0	0.000000	121.500000	121.500000	0.000000	0.000000	0	59	0
1058	847	0	1	0.000000	48.756789	46.370720	0.000000	0.000000	0	131	0
1059	4	2	1	0.000000	445.000000	40.750000	0.000000	0.000000	0	250	0
1060	183	1	1	0.000000	42.377049	33.896175	0.000000	0.000000	0	38	0
1061	26797	0	0	0.000000	57.025040	54.575997	0.000000	0.000000	0	3634	0
1062	115	1	1	0.000000	64.730435	63.782609	0.000000	0.000000	0	41	0
1063	1	1	0	0.000000	82.000000	53.000000	0.000000	0.000000	0	28	0
1064	22	1	1	0.000000	46.636364	45.000000	0.000000	0.000000	0	28	0
1065	45	1	1	0.000000	56.044444	48.177778	0.000000	0.000000	0	39	0
1066	1	2	2	0.000000	109.000000	108.000000	0.000000	0.000000	0	51	0
1067	3	0	1	0.000000	117.333333	117.333333	0.000000	0.000000	0	59	0
1068	35	1	1	0.000000	61.114286	60.057143	0.000000	0.000000	0	41	0
1069	37	1	1	0.000000	28.648649	27.918919	0.000000	0.000000	0	19	0
1070	43	1	1	0.000000	30.325581	30.325581	0.000000	0.000000	0	25	0
1071	4	1	1	0.000000	47.500000	47.500000	0.000000	0.000000	0	20	0
1072	19729	1	0	0.000000	54.139287	51.897562	0.000000	0.000000	0	2634	0
1073	22588	1	1	0.000000	55.274615	52.617452	0.000000	0.000000	0	3042	0
1074	60	1	1	0.000000	118.050000	116.533333	0.000000	0.000000	0	88	0
1075	1	1	2	0.000000	109.000000	101.000000	0.000000	0.000000	0	46	0
1076	1	1	2	0.000000	120.000000	118.000000	0.000000	0.000000	0	54	0
1077	36	1	1	0.000000	50.500000	50.500000	0.000000	0.000000	0	31	0
1078	31	1	1	0.000000	50.903226	50.903226	0.000000	0.000000	0	33	0
1079	3612	0	1	0.000000	52.293466	46.502492	0.000000	0.000000	0	488	0
1080	13	1	1	0.000000	69.846154	67.923077	0.000000	0.000000	0	45	0
1081	115	0	1	0.000000	32.313043	32.043478	0.000000	0.000000	0	20	0
1082	13	1	1	0.000000	54.615385	52.846154	0.000000	0.000000	0	24	0
1083	57697	1	1	0.000000	56.359932	53.881259	0.000000	0.000000	0	7929	0
1084	460	1	0	0.000000	34.541304	33.308696	0.000000	0.000000	0	77	0
1085	31	1	1	0.000000	95.838710	94.935484	0.000000	0.000000	0	52	0
1086	39	1	1	0.000000	61.641026	60.282051	0.000000	0.000000	0	34	0
1087	4	1	1	0.000000	64.500000	64.500000	0.000000	0.000000	0	28	0
1088	31	1	1	0.000000	60.935484	60.225806	0.000000	0.000000	0	23	0
1089	255	0	1	0.000000	28.286275	28.133333	0.000000	0.000000	0	22	0
1090	581	1	0	0.000000	37.456110	37.096386	0.000000	0.000000	0	83	0
1091	4	0	1	0.000000	69.000000	69.000000	0.000000	0.000000	0	41	0
1092	11	1	1	0.000000	48.090909	48.090909	0.000000	0.000000	0	28	0
1093	2	1	1	0.000000	33.000000	33.000000	0.000000	0.000000	0	19	0
1094	2	0	1	0.000000	71.000000	71.000000	0.000000	0.000000	0	39	0
1095	514	0	1	0.000000	35.970817	34.859922	0.000000	0.000000	0	64	0
1096	49	1	1	0.000000	36.183673	34.204082	0.000000	0.000000	0	24	0
1097	1	2	1	0.000000	65.000000	65.000000	0.000000	0.000000	0	28	0
1098	36	1	1	0.000000	33.888889	33.888889	0.000000	0.000000	0	22	0
1099	44	1	1	0.000000	34.477273	34.477273	0.000000	0.000000	0	25	0
1100	2	2	1	0.000000	114.000000	69.000000	0.000000	0.000000	0	54	0
1101	38	1	1	0.000000	52.710526	52.710526	0.000000	0.000000	0	40	0
1102	1	1	1	0.000000	86.000000	86.000000	0.000000	0.000000	0	27	0
1103	48	1	2	0.000000	43.104167	35.333333	0.000000	0.000000	0	56	0
1104	241	0	0	0.000000	48.298755	47.120332	0.000000	0.000000	0	49	0
1105	15	1	1	0.000000	53.000000	53.000000	0.000000	0.000000	0	30	0
1106	37	1	1	0.000000	82.351351	81.918919	0.000000	0.000000	0	52	0
1107	30	1	1	0.000000	39.466667	38.800000	0.000000	0.000000	0	21	0
1108	15	1	1	0.000000	43.333333	43.333333	0.000000	0.000000	0	16	0
1109	2	1	0	0.000000	99.500000	51.500000	0.000000	0.000000	0	29	0
1110	17	3	1	0.000000	514.470588	179.647059	0.000000	0.000000	0	221	0
1111	1	1	0	0.000000	122.000000	2.000000	0.000000	0.000000	0	1	0
1112	7	1	0	0.000000	49.571429	1.714286	0.000000	0.000000	0	3	0
1113	8	1	1	0.000000	83.875000	1.125000	0.000000	0.000000	0	3	0
1114	9	2	2	0.000000	106.777778	77.222222	0.000000	0.000000	0	51	0
